Codigo;Descricao;NCM;Loja_Origem;Loja_Destino;Qtd_Transferir;Custo_Unit;Valor_Transferencia;Saldo_Origem_Antes;Saldo_Origem_Depois;Saldo_Destino_Antes;Saldo_Destino_Depois
"63";"2446 - BOLSA TIRACOLO COM ALCA BOLSOS FRONTAIS COM ZIPER";"42022210";"Loja 3 (CD)";"Loja 1 (Loja)";6,00;96,00;576,00;360,00;354,00;-6,00;0,00
"463";"BM-A15 BALANCA DIGITAL PARA USO DOMESTICO PARA PESSOAATE 150KG:";"84231000";"Loja 3 (CD)";"Loja 1 (Loja)";219,00;1,06;232,14;600,00;381,00;-219,00;0,00
"498";"BM-T12 CONJUNTO DE TECLADO SEM FIO 2.4GHZ + MOUSE SEM FIO 2.4GHZ";"84716052";"Loja 3 (CD)";"Loja 1 (Loja)";76,00;0,22;16,72;1.540,00;1.464,00;-76,00;0,00
"508";"BM-8530 LUMINARIA LED PARA CAMPING  COM AJUSTE DE BRILHO";"94054200";"Loja 3 (CD)";"Loja 1 (Loja)";6,00;3,37;20,22;93,00;87,00;-6,00;0,00
"525";"BMG-41 SUPORTE PARA RING LIGH";"96200000";"Loja 3 (CD)";"Loja 1 (Loja)";5,00;3,92;19,60;210,00;205,00;-5,00;0,00
"538";"BM-8688 -5M EXTENSAO COM 9 TOMADAS E 2 USB 5 METROS";"85363090";"Loja 3 (CD)";"Loja 1 (Loja)";9,00;5,68;51,12;186,00;177,00;-9,00;0,00
"599";"C1511 CINTO GG/VV";"42022100";"Loja 3 (CD)";"Loja 1 (Loja)";5,00;2,90;14,50;14,00;9,00;-5,00;0,00
"799";"153-352 BIQUINIS";"61124100";"Loja 3 (CD)";"Loja 1 (Loja)";4,00;17,55;70,20;4,00;0,00;-4,00;0,00
"817";"153-203 BIQUINIS GG";"61124100";"Loja 3 (CD)";"Loja 1 (Loja)";1,00;17,55;17,55;1,00;0,00;-1,00;0,00
"829";"153-219 BIQUINIS G";"61124100";"Loja 3 (CD)";"Loja 1 (Loja)";2,00;17,55;35,10;2,00;0,00;-2,00;0,00
"832";"153-179 BIQUINIS GG";"61124100";"Loja 3 (CD)";"Loja 1 (Loja)";1,00;17,55;17,55;1,00;0,00;-1,00;0,00
"833";"153-31 M BIQUINIS";"61124100";"Loja 3 (CD)";"Loja 1 (Loja)";2,00;17,55;35,10;2,00;0,00;-2,00;0,00
"835";"153-160  BIQUINIS GG";"61124100";"Loja 3 (CD)";"Loja 1 (Loja)";3,00;17,55;52,65;3,00;0,00;-3,00;0,00
"837";"153-382 BIQUINIS P";"61124100";"Loja 3 (CD)";"Loja 1 (Loja)";4,00;17,55;70,20;4,00;0,00;-4,00;0,00
"839";"153-284 M BIQUINIS";"61124100";"Loja 3 (CD)";"Loja 1 (Loja)";1,00;17,55;17,55;1,00;0,00;-1,00;0,00
"840";"153-38 GG BIQUINIS";"61124100";"Loja 3 (CD)";"Loja 1 (Loja)";2,00;17,55;35,10;2,00;0,00;-3,00;-1,00
"844";"153-226 BIQUINIS";"61124100";"Loja 3 (CD)";"Loja 1 (Loja)";5,00;17,55;87,75;5,00;0,00;-5,00;0,00
"847";"153-380 G  BIQUINIS";"61124100";"Loja 3 (CD)";"Loja 1 (Loja)";3,00;17,55;52,65;3,00;0,00;-3,00;0,00
"848";"153-456 P BIQUINIS";"61124100";"Loja 3 (CD)";"Loja 1 (Loja)";1,00;17,55;17,55;1,00;0,00;-1,00;0,00
"849";"153-267 BIQUINIS";"61124100";"Loja 3 (CD)";"Loja 1 (Loja)";1,00;17,55;17,55;1,00;0,00;-1,00;0,00
"856";"153-278 BIQUINIS";"61124100";"Loja 3 (CD)";"Loja 1 (Loja)";9,00;17,55;157,95;9,00;0,00;-9,00;0,00
"857";"153-295 BIQUINIS";"61124100";"Loja 3 (CD)";"Loja 1 (Loja)";1,00;17,55;17,55;1,00;0,00;-1,00;0,00
"860";"153-405 BIQUINIS";"61124100";"Loja 3 (CD)";"Loja 1 (Loja)";5,00;17,55;87,75;5,00;0,00;-5,00;0,00
"861";"153-170 G BIQUINIS";"61124100";"Loja 3 (CD)";"Loja 1 (Loja)";6,00;17,55;105,30;6,00;0,00;-6,00;0,00
"898";"XX49 BIQUINIS G";"61124100";"Loja 3 (CD)";"Loja 1 (Loja)";3,00;17,50;52,50;3,00;0,00;-3,00;0,00
"1171";"CPA35028 PULSEIRA DE METAL 12 CTL POR DUZIA";"71179000";"Loja 3 (CD)";"Loja 1 (Loja)";2,00;0,60;1,20;48,00;46,00;-2,00;0,00
"1203";"BM-F1029 PORTA JOIAS MATERIAL: PVC 1029:10*10*5 REF.";"42021210";"Loja 3 (CD)";"Loja 1 (Loja)";1.005,00;1,64;1.648,20;1.973,00;968,00;-1.005,00;0,00
"1240";"BM-IP177YOUSEE CAMERA DE SEGURANCA WIFI - FULL HD 1080P 1920X1080";"85258929";"Loja 1 (Loja)";"Loja 3 (CD)";200,00;6,00;1.200,00;462,00;262,00;-200,00;0,00
"1245";"BM-L11A/B CONJUNTO DE 3 LUMINARIAS SPOT ADESIVAS (LED)";"94051190";"Loja 3 (CD)";"Loja 1 (Loja)";40,00;2,19;87,60;40,00;0,00;-270,00;-230,00
"1302";"BMG-64 SUPORTE DE ALUMINIO ARTICULADO ROTATIVO E COM AJUSTE";"76169900";"Loja 1 (Loja)";"Loja 3 (CD)";12,00;5,92;71,04;22,00;10,00;-12,00;0,00
"1330";"KPG02225 PULSEIRA DE METAL 12 CTL POR DUZIA";"71171900";"Loja 3 (CD)";"Loja 1 (Loja)";1,00;2,65;2,65;20,00;19,00;-1,00;0,00
"1345";"PBA13205 BRINCO DE METAL 12 PCS POR DUZIA";"71171900";"Loja 3 (CD)";"Loja 1 (Loja)";3,00;1,67;5,01;43,00;40,00;-3,00;0,00
"1416";"ABA25332 BRINCO DE METAL 12 PCS POR DUZIA";"71171900";"Loja 3 (CD)";"Loja 1 (Loja)";4,00;0,63;2,52;9,00;5,00;-4,00;0,00
"1417";"RBA25148 BRINCO DE METAL 12 PCS POR DUZIA";"71171900";"Loja 3 (CD)";"Loja 1 (Loja)";3,00;9,50;28,50;24,00;21,00;-3,00;0,00
"1418";"ABB22185 BRINCO DE METAL 12 PCS POR DUZIA";"71171900";"Loja 3 (CD)";"Loja 1 (Loja)";9,00;0,20;1,80;27,00;18,00;-9,00;0,00
"1435";"OBA14305 BRINCO DE METAL 12 PCS POR DUZIA";"71171900";"Loja 3 (CD)";"Loja 1 (Loja)";1,00;1,67;1,67;1,00;0,00;-3,00;-2,00
"1456";"ABB22125 BRINCO DE METAL 12 PCS POR DUZIA";"71171900";"Loja 3 (CD)";"Loja 1 (Loja)";5,00;0,33;1,65;64,00;59,00;-5,00;0,00
"1474";"ABA23458 BRINCO DE METAL12 PCS POR DUZIA";"71171900";"Loja 3 (CD)";"Loja 1 (Loja)";1,00;0,45;0,45;1,00;0,00;-5,00;-4,00
"1487";"ABA13285 BRINCO DE METAL 12 PCS POR DUZIA";"71171900";"Loja 3 (CD)";"Loja 1 (Loja)";4,00;1,95;7,80;25,00;21,00;-4,00;0,00
"1497";"DAA22332 ANEL DE METAL (CAIXA COM 36 PCS)";"71171900";"Loja 3 (CD)";"Loja 1 (Loja)";2,00;1,12;2,24;2,00;0,00;-9,00;-7,00
"1503";"BAA31447 ANEL DE METAL (CAIXA COM 36 PCS)";"71171900";"Loja 3 (CD)";"Loja 1 (Loja)";50,00;0,93;46,50;50,00;0,00;-123,00;-73,00
"1659";"CB9888-T22401 PIRANHA";"71171900";"Loja 3 (CD)";"Loja 1 (Loja)";6,00;1,67;10,02;34,00;28,00;-6,00;0,00
"1705";"CB9888-T27204 PIRANHA PLASTICO";"71171900";"Loja 3 (CD)";"Loja 1 (Loja)";6,00;1,26;7,56;26,00;20,00;-6,00;0,00
"1911";"153-162 G - BIQUINIS";"61124100";"Loja 3 (CD)";"Loja 1 (Loja)";1,00;17,55;17,55;1,00;0,00;-1,00;0,00
"1922";"ZY26-099 MARMITA";"42029200";"Loja 3 (CD)";"Loja 1 (Loja)";27,00;7,07;190,89;96,00;69,00;-27,00;0,00
"1932";"ORGANIZADOR DE OVO 3 ANDAR";"42029200";"Loja 1 (Loja)";"Loja 3 (CD)";20,00;1,17;23,40;20,00;0,00;-20,00;0,00
"2438";"YP0157-1 NAVALHA PARA SOBRANCELHA";"82121010";"Loja 3 (CD)";"Loja 1 (Loja)";34,00;2,79;94,86;218,00;184,00;-34,00;0,00
"2519";"ND7585-3 - ARVORE DE NATAL ARTIFICIAL DE MESA MED: 14*19CM";"95051000";"Loja 2 (Depósito)";"Loja 1 (Loja)";1,00;1,20;1,20;1,00;0,00;-1,00;0,00
"2535";"ND7588 - ARVORE DE NATAL ARTIFICIAL DE MESA MED: 17*20CM";"95051000";"Loja 2 (Depósito)";"Loja 1 (Loja)";3,00;3,43;10,29;6,00;3,00;-3,00;0,00
"2564";"ND7601 - ENFEITE EM FORMATO DE SINO. MED: 20*28CM";"95051000";"Loja 2 (Depósito)";"Loja 1 (Loja)";4,00;1,48;5,92;33,00;29,00;-4,00;0,00
"2577";"ND7676 - ENFEITE EM FORMATO DE POMBA. COM 4 PEAS. MED: 14*9.5CM";"95051000";"Loja 2 (Depósito)";"Loja 1 (Loja)";2,00;1,11;2,22;13,00;11,00;-2,00;0,00
"2599";"ND7570 - ENFEITE EM FORMATO DE MEIAS. COM 3 PEAS. MED: 17*25CM";"95051000";"Loja 2 (Depósito)";"Loja 1 (Loja)";4,00;1,48;5,92;4,00;0,00;-6,00;-2,00
"2603";"ND7552-1 - ENFEITE EM FORMATO DE ESTRELA. COM 3 PEAS. MED: 11.5CM";"95051000";"Loja 2 (Depósito)";"Loja 1 (Loja)";4,00;1,69;6,76;18,00;14,00;-4,00;0,00
"2695";"ND7643 - JOGO DE BOLAS NATALINAS. COM 12 PEAS. MED 3CM";"95051000";"Loja 2 (Depósito)";"Loja 1 (Loja)";3,00;0,37;1,11;3,00;0,00;-8,00;-5,00
"2719";"ND7655 - ENFEITE EM FORMATO DE MEIAS. COM 3 PEAS. MED: 25CM";"95051000";"Loja 2 (Depósito)";"Loja 1 (Loja)";8,00;1,11;8,88;18,00;10,00;-8,00;0,00
"2730";"ND7675 - ENFEITE EM FORMATO DE POMBA. COM 4 PEAS. MED: 14*9.5.5CM";"95051000";"Loja 2 (Depósito)";"Loja 1 (Loja)";1,00;1,72;1,72;6,00;5,00;-1,00;0,00
"3713";"BM-C018 APARADOR DE CABELO SEM FIO DE USO DOMESTICO COM BATERIA INTERNA";"85102000";"Loja 3 (CD)";"Loja 1 (Loja)";5,00;6,46;32,30;100,00;95,00;-5,00;0,00
"3875";"GARRAFA TERMICA";"96170010";"Loja 3 (CD)";"Loja 1 (Loja)";547,00;10,80;5.907,60;547,00;0,00;-1.644,00;-1.097,00
"3985";"SNJ3-20 SUPORTES PARA TIGELAS";"42029200";"Loja 1 (Loja)";"Loja 3 (CD)";24,00;19,00;456,00;39,00;15,00;-24,00;0,00
"4047";"ND7680 ENFEITE NATALINO EM FORMATO DE PAPAI NOEL E BONECO DE NEVE. COM 2 PECAS.";"95051000";"Loja 2 (Depósito)";"Loja 1 (Loja)";17,00;0,79;13,43;21,00;4,00;-17,00;0,00
"4064";"ND7580-1 - ENFEITE NATALINO EM FORMATO DE PORTA MOEDA. MED: 8*8CM";"95051000";"Loja 2 (Depósito)";"Loja 1 (Loja)";1,00;2,14;2,14;59,00;58,00;-1,00;0,00
"4105";"ND7651-1 - ENFEITE NATALINO EM FORMATO DE PINHA. BOLA. CAIXINHA DE PRESENTE E ES";"95051000";"Loja 2 (Depósito)";"Loja 1 (Loja)";1,00;7,23;7,23;7,00;6,00;-1,00;0,00
"4106";"ND7652 - ENFEITE NATALINO EM FORMATO DE RENA. PAPAI NOEL E BONECO DE NEVE. COM 3";"95051000";"Loja 2 (Depósito)";"Loja 1 (Loja)";7,00;0,69;4,83;7,00;0,00;-17,00;-10,00
"4113";"ND7669 - ENFEITE NATALINO EM FORMATO DE BENGALA. COMPOSTA POR 6 PECAS. MED: 4.5C";"95051000";"Loja 2 (Depósito)";"Loja 1 (Loja)";1,00;2,82;2,82;1,00;0,00;-3,00;-2,00
"4138";"ND7621 - GUIRLANDA COM DETALHES EM POLIESTER. MED: 30CM.";"95051000";"Loja 2 (Depósito)";"Loja 1 (Loja)";2,00;1,72;3,44;8,00;6,00;-2,00;0,00
"4169";"153-290 M  BIQUINIS";"61124100";"Loja 3 (CD)";"Loja 1 (Loja)";1,00;17,55;17,55;1,00;0,00;-1,00;0,00
"4467";"BT-351 MULTIMETRO DIGITAL PORTATIL PROFISSIONAL COM CAPACIMETRO";"90303200";"Loja 3 (CD)";"Loja 1 (Loja)";6,00;5,04;30,24;30,00;24,00;-6,00;0,00
"4507";"BT-396 TESOURA DE PODA PROFISSIONAL";"82130000";"Loja 1 (Loja)";"Loja 3 (CD)";36,00;3,77;135,72;228,00;192,00;-36,00;0,00
"4514";"BM-F1054 TORNEIRA PARA COZINHA/LAVATORIO - FEITA DE ACO INOXIDAVEL";"84818019";"Loja 3 (CD)";"Loja 1 (Loja)";3,00;25,99;77,97;8,00;5,00;-3,00;0,00
"4520";"BM-F1085 MINI VENTILADOR RECARREGAVEL VIA USB - TENSAO: DC 5V - POTENCIA: 1";"84145990";"Loja 3 (CD)";"Loja 1 (Loja)";17,00;3,60;61,20;58,00;41,00;-17,00;0,00
"4522";"BT-400 ORGANIZADOR PLASTICO";"39249000";"Loja 3 (CD)";"Loja 1 (Loja)";4,00;16,59;66,36;20,00;16,00;-4,00;0,00
"4538";"BM-8504 LANTERNA MANUAL COM LAMPADA LED E BATERIA RECARREGAVEL";"85131010";"Loja 3 (CD)";"Loja 1 (Loja)";11,00;4,54;49,94;30,00;19,00;-11,00;0,00
"4553";"BM-8516 LANTERNA MANUAL COM LAMPADA LED E BATERIA RECARREGAVEL";"85131010";"Loja 3 (CD)";"Loja 1 (Loja)";8,00;6,19;49,52;30,00;22,00;-8,00;0,00
"4556";"BM-8522 LANTERNA MANUAL COM LAMPADA LED E BATERIA RECARREGAVEL";"85131010";"Loja 3 (CD)";"Loja 1 (Loja)";7,00;6,42;44,94;25,00;18,00;-7,00;0,00
"4753";"3289 - FATIADOR DE BATATA";"82055100";"Loja 3 (CD)";"Loja 1 (Loja)";32,00;0,56;17,92;167,00;135,00;-32,00;0,00
"4808";"3341 - TESOURA K02";"82130000";"Loja 3 (CD)";"Loja 1 (Loja)";6,00;1,05;6,30;6,00;0,00;-18,00;-12,00
"4820";"3338 - TESOURA S002 - M";"82130000";"Loja 3 (CD)";"Loja 1 (Loja)";27,00;0,98;26,46;41,00;14,00;-27,00;0,00
"4823";"3410 CORTADOR DE BOLO";"82159910";"Loja 3 (CD)";"Loja 1 (Loja)";8,00;2,79;22,32;17,00;9,00;-8,00;0,00
"4837";"3335 - TESOURA K008";"82130000";"Loja 3 (CD)";"Loja 1 (Loja)";38,00;1,75;66,50;98,00;60,00;-38,00;0,00
"4841";"ZY40-070 KIT LANCHEIRA COM COPO INFANTIL";"42029200";"Loja 3 (CD)";"Loja 1 (Loja)";14,00;2,65;37,10;40,00;26,00;-14,00;0,00
"4852";"3343 - TESOURA CULINARIA";"82130000";"Loja 3 (CD)";"Loja 1 (Loja)";12,00;1,75;21,00;23,00;11,00;-12,00;0,00
"4858";"BM-F1059 ORGANIZADOR DE GAVETAS COM 24 DIVISORIAS DE PLASTICO";"39249000";"Loja 3 (CD)";"Loja 1 (Loja)";50,00;1,91;95,50;50,00;0,00;-58,00;-8,00
"4879";"3337 - TESOURA S002 - G";"82130000";"Loja 3 (CD)";"Loja 1 (Loja)";33,00;1,05;34,65;81,00;48,00;-33,00;0,00
"4909";"3434 - ESCORREDOR PARA PIA";"82159910";"Loja 3 (CD)";"Loja 1 (Loja)";28,00;0,70;19,60;43,00;15,00;-28,00;0,00
"4956";"REF. 3324 ESTILETE DE USO DOMESTICO 10 600 6000";"82119390";"Loja 3 (CD)";"Loja 1 (Loja)";1,00;2,79;2,79;6,00;5,00;-1,00;0,00
"4968";"REF. 3330 RALADOR MANUAL PARALEGUMES E FRUTAS 10 1000 10000";"82055100";"Loja 3 (CD)";"Loja 1 (Loja)";44,00;0,42;18,48;44,00;0,00;-69,00;-25,00
"4989";"REF. 3325 ESTILETE DE USO DOMESTICO 8 400 3200";"82119390";"Loja 3 (CD)";"Loja 1 (Loja)";55,00;1,12;61,60;122,00;67,00;-55,00;0,00
"4991";"3336 - TESOURA  K008";"82130000";"Loja 3 (CD)";"Loja 1 (Loja)";50,00;1,67;83,50;102,00;52,00;-50,00;0,00
"5008";"3342 TESOURA K01 - P AZUL";"82130000";"Loja 3 (CD)";"Loja 1 (Loja)";4,00;2,79;11,16;4,00;0,00;-16,00;-12,00
"5076";"X9067 782404119067 CAIXA PARA OBJETOS PEQUENOS TIPO BIJOUTERIAS 5 200 1000";"42022220";"Loja 1 (Loja)";"Loja 3 (CD)";137,00;5,00;685,00;1.000,00;863,00;-137,00;0,00
"5409";"601 LATEX DE SILICONE";"96151900";"Loja 3 (CD)";"Loja 1 (Loja)";92,00;1,02;93,84;489,00;397,00;-92,00;0,00
"5446";"DAAC18723 ANEL DE METAL";"71171900";"Loja 3 (CD)";"Loja 1 (Loja)";2,00;1,19;2,38;34,00;32,00;-2,00;0,00
"5501";"ZY73-028 KIT 2 TALHER";"42029200";"Loja 3 (CD)";"Loja 1 (Loja)";121,00;1,50;181,50;160,00;39,00;-121,00;0,00
"5503";"BM-DJ010 FACA DE CAÇA";"82119220";"Loja 3 (CD)";"Loja 1 (Loja)";2,00;11,16;22,32;6,00;4,00;-2,00;0,00
"5524";"BM-DJ008 FACA DE CAÇA";"82119220";"Loja 3 (CD)";"Loja 1 (Loja)";1,00;10,79;10,79;3,00;2,00;-1,00;0,00
"5533";"BM-DJ125 FACA DE CAÇA";"82119220";"Loja 3 (CD)";"Loja 1 (Loja)";2,00;8,51;17,02;7,00;5,00;-2,00;0,00
"5542";"BM-DJ129 FACA DE CAÇA";"82119220";"Loja 3 (CD)";"Loja 1 (Loja)";2,00;8,51;17,02;7,00;5,00;-2,00;0,00
"5543";"BM-DJ039 FACA DE CAÇA";"82119220";"Loja 3 (CD)";"Loja 1 (Loja)";1,00;7,25;7,25;7,00;6,00;-1,00;0,00
"5544";"BM-DJ036 FACA DE CAÇA";"82119220";"Loja 3 (CD)";"Loja 1 (Loja)";5,00;9,07;45,35;6,00;1,00;-5,00;0,00
"5546";"BM-DJ058 FACA DE CAÇA";"82119220";"Loja 3 (CD)";"Loja 1 (Loja)";1,00;4,05;4,05;10,00;9,00;-1,00;0,00
"5549";"BM- DJ173 FACA DE CAÇA";"82119220";"Loja 3 (CD)";"Loja 1 (Loja)";7,00;5,95;41,65;11,00;4,00;-7,00;0,00
"5558";"BM-DJ112 FACA DE CAÇ";"82119220";"Loja 3 (CD)";"Loja 1 (Loja)";1,00;5,72;5,72;14,00;13,00;-1,00;0,00
"5576";"BM-DJ137 FACA DE CAÇA";"82119220";"Loja 3 (CD)";"Loja 1 (Loja)";1,00;9,30;9,30;2,00;1,00;-1,00;0,00
"5586";"BM-DJ902 FACA DE CAÇA";"82119220";"Loja 3 (CD)";"Loja 1 (Loja)";2,00;8,00;16,00;4,00;2,00;-2,00;0,00
"5628";"BM-F085 FACA DE CAÇA";"82119220";"Loja 3 (CD)";"Loja 1 (Loja)";2,00;4,32;8,64;8,00;6,00;-2,00;0,00
"5638";"BM-DJ145 FACA DE CAÇA";"82119220";"Loja 3 (CD)";"Loja 1 (Loja)";5,00;8,79;43,95;6,00;1,00;-5,00;0,00
"5649";"BM-F091 FACA DE CAÇA";"82119220";"Loja 3 (CD)";"Loja 1 (Loja)";7,00;5,30;37,10;12,00;5,00;-7,00;0,00
"5651";"BM-F082 FACA DE CAÇA";"82119220";"Loja 3 (CD)";"Loja 1 (Loja)";2,00;3,21;6,42;12,00;10,00;-2,00;0,00
"5716";"GX-400042 BOLSA TERMICA";"42022100";"Loja 1 (Loja)";"Loja 3 (CD)";224,00;1,00;224,00;703,00;479,00;-224,00;0,00
"5730";"2024  BOLSA FEMININA DE FESTA DE ALUMINIO";"42022900";"Loja 1 (Loja)";"Loja 3 (CD)";21,00;4,32;90,72;94,00;73,00;-21,00;0,00
"5832";"M088 CHAVEIRO";"96151100";"Loja 3 (CD)";"Loja 1 (Loja)";8,00;1,39;11,12;8,00;0,00;-58,00;-50,00
"5927";"40038-288 - MINI  PORTTIL COM CABO USB";"84433239";"Loja 3 (CD)";"Loja 1 (Loja)";16,00;9,56;152,96;16,00;0,00;-18,00;-2,00
"6072";"CA-1007-IS-PT(B) CAMERA DE SEGURANCA CERTIFICADO DE HOMOLOGACAO ANATEL";"85258929";"Loja 1 (Loja)";"Loja 3 (CD)";302,00;6,00;1.812,00;302,00;0,00;-427,00;-125,00
"6151";"8177 SMART CAMERA";"85258919";"Loja 3 (CD)";"Loja 1 (Loja)";5,00;23,71;118,55;99,00;94,00;-5,00;0,00
"6301";"PP7011 - ENFEITE NATALINO EM FORMATO DE BOLA";"94053100";"Loja 2 (Depósito)";"Loja 1 (Loja)";2,00;4,64;9,28;20,00;18,00;-2,00;0,00
"6333";"PP7008 COLORIDO COLORIDO PISCA PISCA";"94053100";"Loja 2 (Depósito)";"Loja 1 (Loja)";1,00;4,17;4,17;1,00;0,00;-3,00;-2,00
"6437";"ND7504 50CM ENFEITE NATALINO EM FORMATO DE ARVORE. MED: 24*36CM";"95051000";"Loja 2 (Depósito)";"Loja 1 (Loja)";7,00;1,11;7,77;37,00;30,00;-7,00;0,00
"6517";"ZWJ-175-4 PRATELEIRA MULTI-CANTO";"42029200";"Loja 3 (CD)";"Loja 1 (Loja)";34,00;11,93;405,62;129,00;95,00;-34,00;0,00
"6588";"***NOT  I5851215W11 LENOVO IDEAPAD1 12G";"84713019";"Loja 3 (CD)";"Loja 1 (Loja)";2,00;3.002,97;6.005,94;2,00;0,00;-2,00;0,00
"6790";"BM-DJ073 FACA DE CAÇA";"82119220";"Loja 3 (CD)";"Loja 1 (Loja)";1,00;4,74;4,74;16,00;15,00;-1,00;0,00
"6873";"WS-590 CAIXA DE SOM";"85044060";"Loja 3 (CD)";"Loja 1 (Loja)";10,00;28,35;283,50;10,00;0,00;-13,00;-3,00
"6939";"JB313 BOLSA FEMININA";"42023900";"Loja 1 (Loja)";"Loja 3 (CD)";32,00;7,87;251,84;88,00;56,00;-32,00;0,00
"6956";"JB315 BOLSA FEMININA";"42023900";"Loja 1 (Loja)";"Loja 3 (CD)";1,00;7,04;7,04;1,00;0,00;-3,00;-2,00
"7068";"DJ133 FACA DE CAÇA";"82119220";"Loja 3 (CD)";"Loja 1 (Loja)";2,00;8,37;16,74;4,00;2,00;-2,00;0,00
"7161";"2017 SUPORTE CARRINHO PARA MOCHILA FEITO EM PLASTICO HASTE DE ALUMINIO";"42029200";"Loja 1 (Loja)";"Loja 3 (CD)";14,00;11,92;166,88;2.609,00;2.595,00;-14,00;0,00
"7296";"COLAR - NCM:71179000 - MATRIZ";"71179000";"Loja 3 (CD)";"Loja 1 (Loja)";285,00;0,80;228,00;322,00;37,00;-285,00;0,00
"7298";"PULSEIRA - NCM:71179000 -  MATRIZ";"71179000";"Loja 3 (CD)";"Loja 1 (Loja)";3.350,00;0,83;2.780,50;3.350,00;0,00;-5.893,00;-2.543,00
"7610";"S50201-PULSEIRA";"71171900";"Loja 2 (Depósito)";"Loja 1 (Loja)";10,00;2,93;29,30;10,00;0,00;-10,00;0,00
"7613";"L67711 COLAR CONJ BRINCO";"71171900";"Loja 3 (CD)";"Loja 1 (Loja)";2,00;2,93;5,86;32,00;30,00;-2,00;0,00
"7623";"L70104  COLAR";"71171900";"Loja 3 (CD)";"Loja 1 (Loja)";8,00;0,23;1,84;72,00;64,00;-8,00;0,00
"7680";"IBBG02209- BRINCO";"71171900";"Loja 3 (CD)";"Loja 1 (Loja)";19,00;2,59;49,21;24,00;5,00;-19,00;0,00
"7730";"PBA16456 - BRINCO";"71171900";"Loja 3 (CD)";"Loja 1 (Loja)";4,00;1,67;6,68;24,00;20,00;-4,00;0,00
"7739";"ABA55216  - BRINCO";"71171900";"Loja 3 (CD)";"Loja 1 (Loja)";6,00;11,00;66,00;22,00;16,00;-6,00;0,00
"7763";"HCC36055 - BRINCO";"71171900";"Loja 3 (CD)";"Loja 1 (Loja)";2,00;1,95;3,90;204,00;202,00;-2,00;0,00
"7776";"DPB64110  - PULSEIRA  DE ACO 12 CTL POR DUZIA";"71171900";"Loja 3 (CD)";"Loja 1 (Loja)";35,00;2,09;73,15;35,00;0,00;-39,00;-4,00
"7791";"DPB63125 -PULSEIRA  DE METAL 12 CTL POR DUZIA";"71171900";"Loja 3 (CD)";"Loja 1 (Loja)";2,00;2,17;4,34;32,00;30,00;-2,00;0,00
"7819";"KPA35290 PULSEIRA";"71171900";"Loja 3 (CD)";"Loja 1 (Loja)";2,00;1,67;3,34;2,00;0,00;-13,00;-11,00
"7834";"BBA22222  - BRINCO";"71171900";"Loja 3 (CD)";"Loja 1 (Loja)";1,00;1,19;1,19;2,00;1,00;-1,00;0,00
"7836";"JPA19640 PULSEIRA DE METAL 12 CTL POR DUZIA";"71179000";"Loja 3 (CD)";"Loja 1 (Loja)";1,00;1,25;1,25;22,00;21,00;-1,00;0,00
"7838";"DAA22752 ANEL";"71171900";"Loja 3 (CD)";"Loja 1 (Loja)";4,00;1,12;4,48;32,00;28,00;-4,00;0,00
"7842";"KBB63242 BRINCO DE METAL 12 PCS POR DUZIA";"71171900";"Loja 3 (CD)";"Loja 1 (Loja)";3,00;12,00;36,00;216,00;213,00;-3,00;0,00
"7895";"GCA24184 COLAR DE METAL 2 PCT 24 UND";"71171900";"Loja 3 (CD)";"Loja 1 (Loja)";9,00;2,23;20,07;44,00;35,00;-9,00;0,00
"7898";"KCA55175 COLRA DE METAL 12 PCS POR DUZIA";"71171900";"Loja 3 (CD)";"Loja 1 (Loja)";2,00;2,79;5,58;2,00;0,00;-2,00;0,00
"7939";"ACA15600 COLAR DE METAL12 PCS POR DUZIA";"71171900";"Loja 3 (CD)";"Loja 1 (Loja)";2,00;3,56;7,12;2,00;0,00;-5,00;-3,00
"7975";"JPA17095 PULSEIRA DE METAL 12 CTL POR DUZIA";"71179000";"Loja 3 (CD)";"Loja 1 (Loja)";3,00;0,60;1,80;26,00;23,00;-3,00;0,00
"7999";"JAA12660 ANEL DE METAL";"71171900";"Loja 3 (CD)";"Loja 1 (Loja)";2,00;0,98;1,96;2,00;0,00;-5,00;-3,00
"8019";"KCA55175 CONJUNTO COLAR E BRINCO 12 PCS POR DUZIA";"71179000";"Loja 3 (CD)";"Loja 1 (Loja)";2,00;1,59;3,18;2,00;0,00;-2,00;0,00
"8040";"KCA16485 COLAR DE METAL 12 PCS POR DUZIA";"71171900";"Loja 3 (CD)";"Loja 1 (Loja)";2,00;0,45;0,90;12,00;10,00;-2,00;0,00
"8115";"HBB85018  - BRINCO";"71171900";"Loja 3 (CD)";"Loja 1 (Loja)";6,00;2,86;17,16;24,00;18,00;-6,00;0,00
"8173";"ABA53178  - BRINCO";"71171900";"Loja 3 (CD)";"Loja 1 (Loja)";5,00;2,03;10,15;34,00;29,00;-5,00;0,00
"8242";"MD-296 - CANETA";"96082000";"Loja 3 (CD)";"Loja 1 (Loja)";11,00;3,22;35,42;30,00;19,00;-11,00;0,00
"8372";"BOM-2060/2010 TORNEIRA COLORIDA FLEXIVEL DE PAREDE";"84818019";"Loja 1 (Loja)";"Loja 3 (CD)";18,00;5,40;97,20;284,00;266,00;-18,00;0,00
"8396";"BOM-2009 TORNEIRA COLORIDA FLEXIVEL COZINHA";"84818019";"Loja 1 (Loja)";"Loja 3 (CD)";12,00;8,82;105,84;74,00;62,00;-12,00;0,00
"8451";"40038-329  CAMERA DE MONITORAMENTO";"85258929";"Loja 3 (CD)";"Loja 1 (Loja)";8,00;9,30;74,40;15,00;7,00;-8,00;0,00
"8528";"BOM-8907 MINI COMPRESSOR DE AR PORTATIL";"84148019";"Loja 3 (CD)";"Loja 1 (Loja)";34,00;8,62;293,08;47,00;13,00;-34,00;0,00
"8534";"BOM-8802 BOMBA DE AR MANUAL";"84142000";"Loja 3 (CD)";"Loja 1 (Loja)";2,00;2,86;5,72;30,00;28,00;-2,00;0,00
"8555";"BOM-8805 BOMBA DE AR MANUAL COMPACTA PARA BICICLETA";"82055900";"Loja 3 (CD)";"Loja 1 (Loja)";124,00;3,36;416,64;484,00;360,00;-124,00;0,00
"8561";"BOM-5658 ESCOVA DE ACO CIRCULAR 6 POLEGADAS";"96035000";"Loja 1 (Loja)";"Loja 3 (CD)";1,00;4,72;4,72;53,00;52,00;-1,00;0,00
"8571";"IBA12517 BRINCO DE METAL";"71171900";"Loja 3 (CD)";"Loja 1 (Loja)";4,00;1,47;5,88;37,00;33,00;-4,00;0,00
"8593";"BOM-2134 PONTEIRA DUCHA HIGIENICA GATILHO ACIONAMENTO";"84819090";"Loja 3 (CD)";"Loja 1 (Loja)";24,00;1,00;24,00;77,00;53,00;-24,00;0,00
"8598";"BOM-2205 MANGUEIRA METALICA DE PARA BIDE - TAMANHO: 12 M";"84819090";"Loja 3 (CD)";"Loja 1 (Loja)";7,00;2,99;20,93;160,00;153,00;-7,00;0,00
"8696";"BM-F945 LOUSA LUMINARIA PARA ESCRITA 3D";"85312000";"Loja 1 (Loja)";"Loja 3 (CD)";20,00;3,14;62,80;200,00;180,00;-20,00;0,00
"8734";"GX990196 - BOLSINHA TERMICA DE POLIESTER";"42022220";"Loja 1 (Loja)";"Loja 3 (CD)";27,00;5,62;151,74;337,00;310,00;-27,00;0,00
"8754";"ZYL4-3680 CAIXA DE ARMAZENAMENTO";"42029200";"Loja 1 (Loja)";"Loja 3 (CD)";12,00;17,40;208,80;90,00;78,00;-12,00;0,00
"8755";"BM-F964";"39241000";"Loja 3 (CD)";"Loja 1 (Loja)";24,00;27,00;648,00;97,00;73,00;-24,00;0,00
"8767";"BM-F989 CONJUNTO DE CHURRASCO 6 EM 1";"82111000";"Loja 3 (CD)";"Loja 1 (Loja)";30,00;8,73;261,90;30,00;0,00;-51,00;-21,00
"8768";"GX990190-BOLSINHA TERMICA DE POLIETILENO";"42022210";"Loja 1 (Loja)";"Loja 3 (CD)";7,00;5,80;40,60;164,00;157,00;-7,00;0,00
"8799";"GX10-12042 BOLSINHA TERMICA INFANTIL UNISSEX EM PVC";"42022210";"Loja 1 (Loja)";"Loja 3 (CD)";30,00;3,77;113,10;92,00;62,00;-30,00;0,00
"8803";"BM-F1016 LUMINARIA DE MESA LED - FREQUENCIA: 50/60HZ";"94052100";"Loja 3 (CD)";"Loja 1 (Loja)";16,00;5,62;89,92;32,00;16,00;-16,00;0,00
"8819";"M489 - BOLSINHA DE FESTA FEMININA DE ALUMINIO";"42022900";"Loja 1 (Loja)";"Loja 3 (CD)";4,00;6,32;25,28;75,00;71,00;-4,00;0,00
"8835";"LUX222322 KIT UNHA";"82142000";"Loja 3 (CD)";"Loja 1 (Loja)";13,00;2,51;32,63;23,00;10,00;-13,00;0,00
"8974";"BOM-2604 CADEADO TRAVA DE MOTO/BICICLETA ANTIFURTO";"83011000";"Loja 3 (CD)";"Loja 1 (Loja)";14,00;2,12;29,68;17,00;3,00;-14,00;0,00
"8987";"BOM-3304 ESTILETE + 3 LAMINAS";"82119290";"Loja 1 (Loja)";"Loja 3 (CD)";37,00;1,66;61,42;782,00;745,00;-37,00;0,00
"8993";"BOM-1519 ALICATE REBITADOR MANUAL - 10";"82032010";"Loja 3 (CD)";"Loja 1 (Loja)";1,00;5,02;5,02;36,00;35,00;-1,00;0,00
"9004";"40039-164 - TRIPE";"96200000";"Loja 1 (Loja)";"Loja 3 (CD)";8,00;1,22;9,76;1.220,00;1.212,00;-8,00;0,00
"9031";"BM-DJ510 CONJUNTO COM 3 FACAS DE ACO INOXIDAVEL";"82111000";"Loja 1 (Loja)";"Loja 3 (CD)";14,00;1,00;14,00;14,00;0,00;-17,00;-3,00
"9037";"BM-DJ513 CONJUNTO COM 5 FACAS DE ACO INOXIDAVEL";"82111000";"Loja 1 (Loja)";"Loja 3 (CD)";7,00;1,00;7,00;16,00;9,00;-7,00;0,00
"9075";"BM-A20 CORTADOR DE LEGUMES 3 EM 1";"82100090";"Loja 3 (CD)";"Loja 1 (Loja)";24,00;3,94;94,56;24,00;0,00;-37,00;-13,00
"9115";"GX-400080 - BOLSINHA TERMICA DE POLIETILENO";"42022210";"Loja 1 (Loja)";"Loja 3 (CD)";3,00;6,86;20,58;3,00;0,00;-30,00;-27,00
"9124";"GX-400010 - BOLSINHA TERMICA DE POLIETILENO";"42022210";"Loja 1 (Loja)";"Loja 3 (CD)";193,00;5,80;1.119,40;193,00;0,00;-200,00;-7,00
"9174";"GX10-1170 -BOLSA TERMICA UNISSEX EM POLIESTER";"42022220";"Loja 1 (Loja)";"Loja 3 (CD)";10,00;1,00;10,00;21,00;11,00;-10,00;0,00
"9258";"LPY97-3 ESTOJO";"30065000";"Loja 3 (CD)";"Loja 1 (Loja)";3,00;3,71;11,13;35,00;32,00;-3,00;0,00
"9267";"BT-316  ALICATE REBITADOR";"82032010";"Loja 1 (Loja)";"Loja 3 (CD)";33,00;1,00;33,00;77,00;44,00;-33,00;0,00
"9450";"LU-YGB80 MINI MARCA TEXTOKIT 6";"96082000";"Loja 1 (Loja)";"Loja 3 (CD)";1,00;1,00;1,00;2.526,00;2.525,00;-1,00;0,00
"9452";"3D-B2  CANETA 3D";"71179000";"Loja 3 (CD)";"Loja 1 (Loja)";32,00;7,07;226,24;45,00;13,00;-32,00;0,00
"9456";"1160A-36 CANETA MARCA TEXTO";"96082000";"Loja 3 (CD)";"Loja 1 (Loja)";5,00;4,00;20,00;38,00;33,00;-5,00;0,00
"9482";"BOM-1306 FITA ADESIVA DUPLA FACE PLASTICO TIPO ACRILICO";"39191090";"Loja 1 (Loja)";"Loja 3 (CD)";146,00;2,85;416,10;1.053,00;907,00;-146,00;0,00
"9487";"BOM-1308 KIT FITA ISOLANTE";"39191090";"Loja 1 (Loja)";"Loja 3 (CD)";949,00;4,20;3.985,80;949,00;0,00;-1.228,00;-279,00
"9549";"BOM-4014 LANTERNA DE CABECA COM LAPADA LED E BATERIA";"85131090";"Loja 1 (Loja)";"Loja 3 (CD)";83,00;2,18;180,94;579,00;496,00;-83,00;0,00
"9556";"BOM-4202 LUMINARIA DE LED SOLAR DE PAREDE RECARREGAVEL";"94054100";"Loja 1 (Loja)";"Loja 3 (CD)";48,00;8,65;415,20;181,00;133,00;-48,00;0,00
"9579";"B5610 BRINCO DE METAL";"71171900";"Loja 3 (CD)";"Loja 1 (Loja)";2,00;2,23;4,46;35,00;33,00;-2,00;0,00
"9580";"R78427 BRINCO DE METAL";"71171900";"Loja 3 (CD)";"Loja 1 (Loja)";5,00;1,89;9,45;30,00;25,00;-5,00;0,00
"9588";"BOM-1504 VENTOSA PARA MOVIMENTACAO DE VIDROS/PISOS";"39269090";"Loja 1 (Loja)";"Loja 3 (CD)";31,00;5,68;176,08;192,00;161,00;-31,00;0,00
"9595";"B6136  BRINCO DE METAL";"71171900";"Loja 3 (CD)";"Loja 1 (Loja)";13,00;2,23;28,99;40,00;27,00;-13,00;0,00
"9607";"BC-19988 MOCHILA";"42029200";"Loja 1 (Loja)";"Loja 3 (CD)";10,00;1,17;11,70;20,00;10,00;-10,00;0,00
"9624";"R72125 BRINCO DE METAL";"71171900";"Loja 3 (CD)";"Loja 1 (Loja)";1,00;1,12;1,12;1,00;0,00;-27,00;-26,00
"9651";"R97418 BRINCO DE METAL";"71171900";"Loja 3 (CD)";"Loja 1 (Loja)";4,00;2,03;8,12;30,00;26,00;-4,00;0,00
"9687";"BOM-1709 ALICATE  ESPECIAL";"82032010";"Loja 1 (Loja)";"Loja 3 (CD)";27,00;5,86;158,22;94,00;67,00;-27,00;0,00
"9690";"R66314 BRINCO DE METAL";"71171900";"Loja 3 (CD)";"Loja 1 (Loja)";9.399,00;1,67;15.696,33;9.399,00;0,00;-20.265,00;-10.866,00
"9726";"BOM-3110 KIT CHAVES ISOLADAS PARA ELETRICISTA";"82059000";"Loja 1 (Loja)";"Loja 3 (CD)";170,00;1,00;170,00;664,00;494,00;-170,00;0,00
"9761";"ZY22-079 MARMITA INFANTIL";"42029200";"Loja 3 (CD)";"Loja 1 (Loja)";23,00;4,65;106,95;49,00;26,00;-23,00;0,00
"9793";"BOM-1302 FITA DUPLA FACE DE PLASTICO";"39191090";"Loja 3 (CD)";"Loja 1 (Loja)";5,00;0,26;1,30;382,00;377,00;-5,00;0,00
"9804";"BOM-1328 FILME  PLASTICO  C/FITA  CREPE";"82055100";"Loja 3 (CD)";"Loja 1 (Loja)";1,00;6,10;6,10;94,00;93,00;-1,00;0,00
"9894";"BOM-1241 CHAVE  ESTRELA  25*28MM";"82041200";"Loja 3 (CD)";"Loja 1 (Loja)";1,00;7,81;7,81;1,00;0,00;-4,00;-3,00
"9918";"BOM-1501 MARTELO MULTIGUNCIONAL";"82032010";"Loja 1 (Loja)";"Loja 3 (CD)";10,00;4,46;44,60;143,00;133,00;-10,00;0,00
"9928";"BM-F1165 BOLSA ESTILO NECESSAIRE CONFECCIONADA EM MATERIAL SINTETICO";"42029200";"Loja 1 (Loja)";"Loja 3 (CD)";4,00;2,59;10,36;115,00;111,00;-4,00;0,00
"9940";"6022 BLOCOS DE MONTAR";"95030060";"Loja 3 (CD)";"Loja 1 (Loja)";67,00;3,60;241,20;162,00;95,00;-67,00;0,00
"9943";"BM-F1147 POTE PARA ARMAZENAMENTO DE GRAOS/CEREAIS FEITO DE PLASTICO";"39239090";"Loja 2 (Depósito)";"Loja 1 (Loja)";39,00;26,70;1.041,30;66,00;27,00;-39,00;0,00
"9947";"BM-F1171 SENDO TABUA DE CORTE DE CARNE : 33X33X32CM";"39241000";"Loja 1 (Loja)";"Loja 3 (CD)";35,00;11,61;406,35;277,00;242,00;-35,00;0,00
"9952";"BM-F-1139 ORGANIZADOR DE GAVETAS: 23*75*55CM -";"39269090";"Loja 1 (Loja)";"Loja 3 (CD)";13,00;7,49;97,37;24,00;11,00;-13,00;0,00
"9953";"BM-F1118 SOFA INFLAVEL - MATERIA POLIESTER TAMANHO: 220*70*70CM";"94018000";"Loja 3 (CD)";"Loja 1 (Loja)";61,00;6,97;425,17;85,00;24,00;-61,00;0,00
"9958";"REF:BM-F1138 ORGANIZADOR DE GAVETA";"39269090";"Loja 1 (Loja)";"Loja 3 (CD)";14,00;4,92;68,88;38,00;24,00;-14,00;0,00
"9959";"BM-F1068 FCONJUNTO COM 5 NECESSAIRES E 1 SACOLA";"42029200";"Loja 1 (Loja)";"Loja 3 (CD)";5,00;6,23;31,15;194,00;189,00;-5,00;0,00
"9964";"BOM-1534 BASE SUPORTE MULTIFUNCIONAL P/FOGAO MAQUINA LAVAR AJUSTAVEL";"73239900";"Loja 1 (Loja)";"Loja 3 (CD)";10,00;14,68;146,80;34,00;24,00;-10,00;0,00
"9967";"BM-C040 CORTADOR DE CABELO";"85102000";"Loja 3 (CD)";"Loja 1 (Loja)";73,00;2,78;202,94;91,00;18,00;-73,00;0,00
"9983";"BM-C049 MAQUINA DE TOSA PARA ANIMAIS DOMESTICOS COM BATERIA";"85102000";"Loja 1 (Loja)";"Loja 3 (CD)";39,00;1,00;39,00;64,00;25,00;-39,00;0,00
"9986";"SM982068 PULSEIRA";"71171900";"Loja 3 (CD)";"Loja 1 (Loja)";10,00;2,72;27,20;30,00;20,00;-10,00;0,00
"9994";"BM-F1162 COLCHAO INFLAVEL - TAMANHO DO COLCHAO: 191*73*22CM";"94042900";"Loja 1 (Loja)";"Loja 3 (CD)";9,00;17,46;157,14;105,00;96,00;-9,00;0,00
"9996";"BM-F1158 ESCORREDOR PARA LOUCA - FEITO DE ACO INOXIDAVEL";"73239300";"Loja 3 (CD)";"Loja 1 (Loja)";17,00;18,76;318,92;35,00;18,00;-17,00;0,00
"10001";"BM-F909 MINI PROCESSADOR DE ALIMENTOS PORTATIL";"85098090";"Loja 3 (CD)";"Loja 1 (Loja)";17,00;2,59;44,03;17,00;0,00;-126,00;-109,00
"10022";"BM-F1156 ORGANIZADOR DE MAQUIAGENS";"39269090";"Loja 3 (CD)";"Loja 1 (Loja)";24,00;4,05;97,20;24,00;0,00;-46,00;-22,00
"10048";"KA-CW-037 BOLSA PARA O TRANSPORTE DE ANIMAIS DE ESTIMACAO - COM ENTRADA DE AR";"42022210";"Loja 1 (Loja)";"Loja 3 (CD)";20,00;32,88;657,60;79,00;59,00;-20,00;0,00
"10051";"KA-CW-036 MOCHILA PARA O TRANSPORTE DE ANIMAIS DE ESTIMACAO";"42029200";"Loja 1 (Loja)";"Loja 3 (CD)";4,00;41,40;165,60;156,00;152,00;-4,00;0,00
"10107";"KA-602 MOUSE SEM FIO RESOLUCAO: 1600DPI - FREQUENCIA: 2.4GHZ";"84716053";"Loja 3 (CD)";"Loja 1 (Loja)";5,00;2,08;10,40;120,00;115,00;-5,00;0,00
"10167";"KA-690 TECLADO SEM FIO PARA COMPUTADOR CERTIFICADO ANATEL";"84716052";"Loja 3 (CD)";"Loja 1 (Loja)";34,00;8,99;305,66;60,00;26,00;-34,00;0,00
"10179";"KA-685 CONJUNTO TECLADO + MOUSE SEM FIO 2.4GHZ VIA PORTA USB)";"84716052";"Loja 3 (CD)";"Loja 1 (Loja)";38,00;0,23;8,74;38,00;0,00;-42,00;-4,00
"10211";"REF: KA-9552 - CARREGADOR PORTATIL POWER BANK CAPACIDADE: 20.000MAH 3.7V";"85044010";"Loja 1 (Loja)";"Loja 3 (CD)";122,00;0,07;8,54;122,00;0,00;-134,00;-12,00
"10225";"KA-8787 CAIXA DE SOM COM MICROFONE - POTENCIA: 6W - CAPACIDADE DA BATERIA:";"85185000";"Loja 3 (CD)";"Loja 1 (Loja)";8,00;15,43;123,44;40,00;32,00;-8,00;0,00
"10299";"LE-4715 BOLSA";"42022220";"Loja 1 (Loja)";"Loja 3 (CD)";24,00;3,71;89,04;381,00;357,00;-24,00;0,00
"10307";"KA-1720 CONJUNTO DE CHAVES DE FENDA MULTIFUNCIONAIS";"82059000";"Loja 3 (CD)";"Loja 1 (Loja)";2,00;4,96;9,92;15,00;13,00;-2,00;0,00
"10318";"LE-5271 BANQUINHO DE PLASTICO INFANTIL";"94018000";"Loja 3 (CD)";"Loja 1 (Loja)";11,00;0,27;2,97;35,00;24,00;-11,00;0,00
"10333";"KA-M128 MEMORY CARD";"85235190";"Loja 3 (CD)";"Loja 1 (Loja)";20,00;7,30;146,00;30,00;10,00;-20,00;0,00
"10342";"BM-F1025 TAPIOQUEIRA PENEIRA POVILHADOR";"82100090";"Loja 1 (Loja)";"Loja 3 (CD)";40,00;2,67;106,80;345,00;305,00;-40,00;0,00
"10372";"BM-F1097 CONJUNTO DE 6 FACAS 1X FACA DO CHEFE - 1X FACA DE CARNE";"82111000";"Loja 3 (CD)";"Loja 1 (Loja)";181,00;0,27;48,87;1.127,00;946,00;-181,00;0,00
"10381";"SF400B BALANCA DIGITAL DE MESA PARA USO";"84231000";"Loja 2 (Depósito)";"Loja 3 (CD)";239,00;2,20;525,80;271,00;32,00;-239,00;0,00
"10405";"BM-F1126 RAQUETE ELELTRICA";"85437099";"Loja 1 (Loja)";"Loja 3 (CD)";6,00;1,00;6,00;270,00;264,00;-6,00;0,00
"10408";"CONJUNTO DE FOMAS SILICONE PARA MINI CUPCAKE BM-F956";"39241000";"Loja 1 (Loja)";"Loja 3 (CD)";57,00;0,00;0,00;665,00;608,00;-57,00;0,00
"10415";"KAP-305-TY CABO COM CONECTOR USB PARA TYPE-C - TAMANHO: 1M";"85444200";"Loja 3 (CD)";"Loja 1 (Loja)";40,00;0,53;21,20;198,00;158,00;-40,00;0,00
"10421";"PT-2677 CAMA PARA PET:";"63079090";"Loja 1 (Loja)";"Loja 3 (CD)";4,00;0,76;3,04;42,00;38,00;-4,00;0,00
"10422";"GX10-1183 MOCHILA FEMININA DE POLIESTER";"42029200";"Loja 1 (Loja)";"Loja 3 (CD)";10,00;1,17;11,70;10,00;0,00;-32,00;-22,00
"10435";"GX990198 BOLSINHA TERMICA DE POLIESTER";"42022220";"Loja 1 (Loja)";"Loja 3 (CD)";20,00;5,00;100,00;139,00;119,00;-20,00;0,00
"10449";"BM-F1155 ABRIDOR DE VINHO A VACUO";"84148019";"Loja 3 (CD)";"Loja 1 (Loja)";15,00;6,58;98,70;36,00;21,00;-15,00;0,00
"10451";"CS001-072";"82159100";"Loja 1 (Loja)";"Loja 3 (CD)";51,00;1,00;51,00;905,00;854,00;-51,00;0,00
"10466";"ZY123-066 KIT COLHERES";"82159100";"Loja 1 (Loja)";"Loja 3 (CD)";28,00;0,01;0,28;267,00;239,00;-28,00;0,00
"10480";"S-08143 BOLSA POLIESTE";"42022220";"Loja 3 (CD)";"Loja 1 (Loja)";23,00;5,53;127,19;52,00;29,00;-23,00;0,00
"10503";"GX10-25916 MOCHILA";"42022220";"Loja 1 (Loja)";"Loja 3 (CD)";10,00;1,50;15,00;49,00;39,00;-10,00;0,00
"10525";"JM2450 RECIPIENTE FEITO EM PLASTICO";"39249000";"Loja 3 (CD)";"Loja 1 (Loja)";28,00;2,14;59,92;37,00;9,00;-28,00;0,00
"10527";"JM2447 RECIPIENTE FEITO EM PLASTICO";"39249000";"Loja 3 (CD)";"Loja 1 (Loja)";41,00;13,86;568,26;90,00;49,00;-41,00;0,00
"10536";"LN2501 SACO PARA ROUPAS SUJA CONFECIONADO EM FIBRAS TEXTEIS SINTETICAS";"63079090";"Loja 3 (CD)";"Loja 1 (Loja)";4,00;3,07;12,28;69,00;65,00;-4,00;0,00
"10541";"KD1591 MINIVENTILADOR PORTATIL DE MAO CORES VARIADAS.";"84145910";"Loja 3 (CD)";"Loja 1 (Loja)";9,00;1,30;11,70;79,00;70,00;-9,00;0,00
"10548";"AS2380 CONJUNTO POTES HERMÉTICO  CONTENDO 3 PECAS";"39249000";"Loja 1 (Loja)";"Loja 3 (CD)";22,00;0,85;18,70;22,00;0,00;-25,00;-3,00
"10569";"CC1136 CONJUNTO POTES HERMÉTICO  CONTENDO 3 PECAS";"39249000";"Loja 1 (Loja)";"Loja 3 (CD)";15,00;0,85;12,75;15,00;0,00;-16,00;-1,00
"10594";"CC1177 ARTIGO DE PLASTICO VARAL COM PREGADOR";"39241000";"Loja 1 (Loja)";"Loja 3 (CD)";63,00;1,00;63,00;87,00;24,00;-63,00;0,00
"10604";"AS2410 ARTIGO DE PLASTICO ORGANIZADOR";"39241000";"Loja 3 (CD)";"Loja 1 (Loja)";36,00;1,35;48,60;90,00;54,00;-36,00;0,00
"10630";"GX-400031 - BOLSA TÉRMICA";"42029200";"Loja 1 (Loja)";"Loja 3 (CD)";24,00;1,17;28,08;67,00;43,00;-24,00;0,00
"10639";"GX10-888-991 MOCHILA  DE POLIESTER";"42029200";"Loja 1 (Loja)";"Loja 3 (CD)";17,00;1,17;19,89;17,00;0,00;-18,00;-1,00
"10646";"LN2500-2";"63079090";"Loja 3 (CD)";"Loja 1 (Loja)";9,00;4,46;40,14;46,00;37,00;-9,00;0,00
"10653";"LN2502 SACO PARA ROUPAS SUJA CONFECIONADO";"63079090";"Loja 3 (CD)";"Loja 1 (Loja)";6,00;3,07;18,42;77,00;71,00;-6,00;0,00
"10659";"AS2365  CONJUNTO POTES HERMÉTICO  CONTENDO 3 PECAS";"39249000";"Loja 3 (CD)";"Loja 1 (Loja)";30,00;13,33;399,90;104,00;74,00;-30,00;0,00
"10669";"AS2368 RECIPIENTE DE PLASTICO PARA USO DOMESTICO";"39249000";"Loja 1 (Loja)";"Loja 3 (CD)";59,00;0,85;50,15;59,00;0,00;-66,00;-7,00
"10702";"CC1103 VASO DE PLASTICO UTILIZADO COMO ITEM PARA DECORACAO";"39264000";"Loja 1 (Loja)";"Loja 3 (CD)";62,00;1,00;62,00;62,00;0,00;-153,00;-91,00
"10714";"JE10056 TAPETE";"96082000";"Loja 3 (CD)";"Loja 1 (Loja)";40,00;1,80;72,00;40,00;0,00;-720,00;-680,00
"10716";"AS2357 G POTES HERMÉTICO";"39249000";"Loja 1 (Loja)";"Loja 3 (CD)";5,00;3,80;19,00;5,00;0,00;-13,00;-8,00
"10735";"BM-F1181  BOLSA TERMICA PARA ACONDICIONAR MARMITA";"42022210";"Loja 3 (CD)";"Loja 1 (Loja)";52,00;1,69;87,88;52,00;0,00;-144,00;-92,00
"10744";"BFT-200 KIT TECLADO + MOUSE";"39232990";"Loja 1 (Loja)";"Loja 3 (CD)";10,00;1,00;10,00;29,00;19,00;-10,00;0,00
"10754";"SNG-0425 ORGANIZADOR DE ROUPAS  R$1900";"39249000";"Loja 1 (Loja)";"Loja 3 (CD)";17,00;3,40;57,80;584,00;567,00;-17,00;0,00
"10776";"BM-F1182 CONJUNTO DE TALHERES SORTIDOS";"82151000";"Loja 3 (CD)";"Loja 1 (Loja)";11,00;7,48;82,28;20,00;9,00;-11,00;0,00
"10823";"BM-A16 FATIADOR DE LEGUMES/MANDOLINA MULTI-LAMINAS 6 EM 1";"82100090";"Loja 3 (CD)";"Loja 1 (Loja)";33,00;22,50;742,50;60,00;27,00;-33,00;0,00
"10837";"GX-400008 - BOLSINHA TERMICA DE POLIESTER";"42022220";"Loja 1 (Loja)";"Loja 3 (CD)";89,00;5,00;445,00;89,00;0,00;-260,00;-171,00
"10838";"GX-400065 BOLSINHA TERMICA DE POLIESTER";"42022220";"Loja 1 (Loja)";"Loja 3 (CD)";200,00;5,17;1.034,00;223,00;23,00;-200,00;0,00
"10840";"GX10-1188 - BOLSINHA TERMICA DE POLIESTER";"42022220";"Loja 1 (Loja)";"Loja 3 (CD)";12,00;4,29;51,48;250,00;238,00;-12,00;0,00
"10842";"GX990217 - CONJUNTO MOCHILA";"42029200";"Loja 1 (Loja)";"Loja 3 (CD)";10,00;24,48;244,80;45,00;35,00;-10,00;0,00
"10845";"NF9753 GX10-1238-MOCHILA DE VIAGEM EM POLIESTER";"42029200";"Loja 1 (Loja)";"Loja 3 (CD)";18,00;1,17;21,06;28,00;10,00;-18,00;0,00
"10850";"GX10-25911 - NECESSAIRE G  FEMININA EM PVC";"42029200";"Loja 1 (Loja)";"Loja 3 (CD)";85,00;1,00;85,00;85,00;0,00;-90,00;-5,00
"10853";"MS1834 IGNORA E USAR 19368";"42029200";"Loja 3 (CD)";"Loja 1 (Loja)";20,00;1,86;37,20;20,00;0,00;-20,00;0,00
"10879";"LN2502-2 SACO PARA ROUPAS SUJA CONFECIONADO EM FIBRAS";"63079090";"Loja 3 (CD)";"Loja 1 (Loja)";48,00;4,18;200,64;56,00;8,00;-48,00;0,00
"10880";"KD1585 MINIVENTILADOR PORTATIL DE MAO CORES VARIADAS.";"84145910";"Loja 3 (CD)";"Loja 1 (Loja)";62,00;0,79;48,98;96,00;34,00;-62,00;0,00
"10897";"LN2501-3 SACO PARA ROUPAS SUJA CONFECIONADO EM FIBRAS";"63079090";"Loja 3 (CD)";"Loja 1 (Loja)";37,00;4,74;175,38;49,00;12,00;-37,00;0,00
"10901";"KD1600 MINIVENTILADOR PORTATIL DE MAO CORES VARIADAS.";"84145910";"Loja 3 (CD)";"Loja 1 (Loja)";10.805,00;0,89;9.616,45;10.805,00;0,00;-10.860,00;-55,00
"10907";"SNJ3-1650 PRATELEIRA";"73262000";"Loja 3 (CD)";"Loja 1 (Loja)";7,00;18,00;126,00;105,00;98,00;-7,00;0,00
"10951";"AS2379 CONJUNTO POTES HERMÉTICO  CONTENDO 3 PECAS";"39249000";"Loja 3 (CD)";"Loja 1 (Loja)";6,00;26,05;156,30;72,00;66,00;-6,00;0,00
"10954";"MS2704 MINI LIQUIDIFICADOR PORTATIL";"39241000";"Loja 3 (CD)";"Loja 1 (Loja)";10,00;3,00;30,00;100,00;90,00;-10,00;0,00
"10968";"CC1178 ARTIGO DE PLASTICO PREGADORES 8 PARES";"39241000";"Loja 1 (Loja)";"Loja 3 (CD)";67,00;1,21;81,07;67,00;0,00;-113,00;-46,00
"10973";"MS2747 SELANTE PARA USO DOMESTICO";"39241000";"Loja 3 (CD)";"Loja 1 (Loja)";28,00;3,93;110,04;40,00;12,00;-28,00;0,00
"10997";"46107 MAQUINA DE SELAGEM";"84223029";"Loja 3 (CD)";"Loja 1 (Loja)";31,00;5,55;172,05;58,00;27,00;-31,00;0,00
"11007";"MS2633  LIQUIDIFICADOR PORTATIL";"85098090";"Loja 1 (Loja)";"Loja 3 (CD)";12,00;2,17;26,04;81,00;69,00;-12,00;0,00
"11018";"MS2660 ASPIRADOR";"85098090";"Loja 3 (CD)";"Loja 1 (Loja)";43,00;5,98;257,14;60,00;17,00;-43,00;0,00
"11026";"MS2719  GARRAFA";"73239900";"Loja 1 (Loja)";"Loja 3 (CD)";37,00;8,75;323,75;177,00;140,00;-37,00;0,00
"11042";"MS2682 MOEDOR DE ALIMENTOS";"90191000";"Loja 1 (Loja)";"Loja 3 (CD)";10,00;7,22;72,20;85,00;75,00;-10,00;0,00
"11045";"MS2635 SELADORA";"84431190";"Loja 3 (CD)";"Loja 1 (Loja)";48,00;1,36;65,28;69,00;21,00;-48,00;0,00
"11047";"MS2711 FILTRO ELETRICO";"90191000";"Loja 3 (CD)";"Loja 1 (Loja)";6,00;8,69;52,14;120,00;114,00;-6,00;0,00
"11061";"MS2731 ORGANIZADOR DE PINCEIS";"94037000";"Loja 3 (CD)";"Loja 1 (Loja)";24,00;3,79;90,96;68,00;44,00;-24,00;0,00
"11089";"SS3012 CAIXINHA  DE SOM/MICROFONE";"94054200";"Loja 3 (CD)";"Loja 1 (Loja)";63,00;2,08;131,04;80,00;17,00;-63,00;0,00
"11103";"MS2698 ESPELHO COM LED";"94054200";"Loja 3 (CD)";"Loja 1 (Loja)";21,00;4,96;104,16;143,00;122,00;-21,00;0,00
"11104";"SS3002 APARELHO DE ILUMINAÇÃO ELÉTRICO SENDO LUMINÁRIA";"94054200";"Loja 3 (CD)";"Loja 1 (Loja)";13,00;11,61;150,93;18,00;5,00;-13,00;0,00
"11131";"BM-F1187 CADEIRA DE METAL PARA CAMPING/PESCA";"94017900";"Loja 3 (CD)";"Loja 1 (Loja)";6,00;23,44;140,64;7,00;1,00;-6,00;0,00
"11149";"JJ-104-BOLSINHA FEMININA DE PALHA COM ALCA DE OMBRO";"42022900";"Loja 1 (Loja)";"Loja 3 (CD)";304,00;6,32;1.921,28;304,00;0,00;-304,00;0,00
"11171";"BJG00006 - LANCA BOLHA DE BOLHINHAS DE PATO";"95030080";"Loja 1 (Loja)";"Loja 3 (CD)";1,00;5,60;5,60;272,00;271,00;-1,00;0,00
"11179";"BOM-3117 KIT CHAVE DE FENDA PONTA DUPLA ISOLADA";"82059000";"Loja 1 (Loja)";"Loja 3 (CD)";10,00;3,27;32,70;94,00;84,00;-10,00;0,00
"11186";"BOM-3210 CJ CHAVE CATRACA REVERSIVEL COM 12 PCS";"82059000";"Loja 3 (CD)";"Loja 1 (Loja)";51,00;10,32;526,32;60,00;9,00;-51,00;0,00
"11193";"MMN0001 BOLSA DE PET";"63059000";"Loja 1 (Loja)";"Loja 3 (CD)";5,00;1,00;5,00;1.429,00;1.424,00;-5,00;0,00
"11203";"BJG00019 - PISTOLA DE AGUA CON MIRAR CXF";"95030080";"Loja 3 (CD)";"Loja 1 (Loja)";13,00;9,19;119,47;61,00;48,00;-13,00;0,00
"11215";"GX-400051-BOLSINHA TERMICA DE POLIESTER";"42022220";"Loja 1 (Loja)";"Loja 3 (CD)";52,00;5,00;260,00;76,00;24,00;-52,00;0,00
"11218";"GX-400054 - BOLSINHA TERMICA DE POLIESTER";"42022220";"Loja 1 (Loja)";"Loja 3 (CD)";65,00;5,00;325,00;221,00;156,00;-65,00;0,00
"11220";"GX-400030 - BOLSINHA TERMICA DE POLIESTER";"42022220";"Loja 1 (Loja)";"Loja 3 (CD)";120,00;5,17;620,40;155,00;35,00;-120,00;0,00
"11226";"GX990204-MOCHILA DE POLIESTER";"42029200";"Loja 1 (Loja)";"Loja 3 (CD)";9,00;14,71;132,39;44,00;35,00;-9,00;0,00
"11230";"GX10-1204 - BOLSA DE COMPRA DE POLIESTER";"42022220";"Loja 1 (Loja)";"Loja 3 (CD)";12,00;20,12;241,44;49,00;37,00;-12,00;0,00
"11232";"GX990194 - BOLSINHA TERMICA DE POLIESTER";"42022220";"Loja 1 (Loja)";"Loja 3 (CD)";246,00;5,41;1.330,86;301,00;55,00;-246,00;0,00
"11233";"GX990195 - BOLSINHA TERMICA DE POLIESTER";"42022220";"Loja 1 (Loja)";"Loja 3 (CD)";29,00;4,88;141,52;285,00;256,00;-29,00;0,00
"11236";"GX10-1205 BOLSA DE ACADEMIA";"42022210";"Loja 1 (Loja)";"Loja 3 (CD)";11,00;12,59;138,49;45,00;34,00;-11,00;0,00
"11239";"GX-400077-ESTOJO UNISSEX EM POLIESTER";"42029200";"Loja 3 (CD)";"Loja 1 (Loja)";10,00;5,99;59,90;56,00;46,00;-10,00;0,00
"11249";"JJ-102-BOLSINHA FEMININA DE PALHA COM ALCA DE OMBRO";"42022900";"Loja 3 (CD)";"Loja 1 (Loja)";27,00;1,59;42,93;76,00;49,00;-27,00;0,00
"11254";"JJ-107-BOLSINHA FEMININA DE PALHA COM ALCA DE OMBRO";"42022900";"Loja 3 (CD)";"Loja 1 (Loja)";30,00;1,59;47,70;89,00;59,00;-30,00;0,00
"11256";"JJ-109-BOLSINHA FEMININA DE PALHA COM ALCA DE OMBRO";"42022900";"Loja 1 (Loja)";"Loja 3 (CD)";125,00;1,66;207,50;210,00;85,00;-125,00;0,00
"11259";"JJ-111-BOLSINHA FEMININA DE PALHA COM ALCA DE OMBRO";"42022900";"Loja 3 (CD)";"Loja 1 (Loja)";10,00;1,59;15,90;76,00;66,00;-10,00;0,00
"11260";"KD1588 MINIVENTILADOR PORTATIL DE MAO CORES VARIADAS.";"84145910";"Loja 1 (Loja)";"Loja 3 (CD)";67,00;0,89;59,63;67,00;0,00;-78,00;-11,00
"11290";"CC1117 KIT  CESTA  DE LAVAGEM E DRENAGEM DE FRUTAS";"39249000";"Loja 2 (Depósito)";"Loja 3 (CD)";2,00;1,58;3,16;102,00;100,00;-2,00;0,00
"11296";"MS1832 PORTA JOIA";"42029200";"Loja 1 (Loja)";"Loja 3 (CD)";41,00;1,17;47,97;41,00;0,00;-100,00;-59,00
"11297";"AS2400 RECIPIENTE FEITO EM PLASTICO ORGANIZADORES";"39249000";"Loja 1 (Loja)";"Loja 3 (CD)";19,00;0,85;16,15;19,00;0,00;-48,00;-29,00
"11312";"AS2355  CONJUNTO DE POTES HERMÉTICO PARA ARMAZENAMENTOS - 3 PEÇAS";"39249000";"Loja 3 (CD)";"Loja 1 (Loja)";1,00;2,97;2,97;128,00;127,00;-1,00;0,00
"11347";"BOM-6212 NIVEL A LASER COM TRIPE - 12 LINHAS";"90153000";"Loja 3 (CD)";"Loja 1 (Loja)";5,00;28,01;140,05;10,00;5,00;-5,00;0,00
"11444";"BOM-3708 CONJUNTO DE ALICATES P ANEIS";"82032010";"Loja 3 (CD)";"Loja 1 (Loja)";48,00;36,18;1.736,64;48,00;0,00;-97,00;-49,00
"11481";"BOM-3627 CONJ DE CHAVE MANUAL";"82059000";"Loja 1 (Loja)";"Loja 3 (CD)";18,00;23,16;416,88;79,00;61,00;-18,00;0,00
"11504";"LE-5723 VENTILADOR PORTATIL";"84145990";"Loja 1 (Loja)";"Loja 3 (CD)";36,00;28,43;1.023,48;122,00;86,00;-36,00;0,00
"11509";"KD1578 MINIVENTILADOR PORTATIL DE MAO CORES VARIADAS.";"84145910";"Loja 3 (CD)";"Loja 1 (Loja)";8,00;1,30;10,40;87,00;79,00;-8,00;0,00
"11530";"BOM-8905 MINI COMPRESSOR DE AR";"84148019";"Loja 1 (Loja)";"Loja 3 (CD)";15,00;6,28;94,20;146,00;131,00;-15,00;0,00
"11573";"LE-2854 CAPIVARINHAS";"39264000";"Loja 3 (CD)";"Loja 1 (Loja)";13,00;4,92;63,96;95,00;82,00;-13,00;0,00
"11582";"LE-930 MICROFONE DE LAPELA";"85181090";"Loja 3 (CD)";"Loja 1 (Loja)";37,00;1,78;65,86;102,00;65,00;-37,00;0,00
"11605";"KD1580 MINIVENTILADOR PORTATIL DE MAO CORES VARIADAS.";"84145910";"Loja 3 (CD)";"Loja 1 (Loja)";42,00;0,79;33,18;140,00;98,00;-42,00;0,00
"11619";"CC1107 VASO DE PLASTICO UTILIZADO COMO ITEM PARA DECORACAO PEQUENO";"39264000";"Loja 1 (Loja)";"Loja 3 (CD)";10,00;1,00;10,00;10,00;0,00;-101,00;-91,00
"11682";"DMS-813 APONTARDO DE LAPIS";"82141000";"Loja 3 (CD)";"Loja 1 (Loja)";17,00;11,52;195,84;170,00;153,00;-17,00;0,00
"11690";"18092 CHAVEIRO DE BIJUTERIA CONSTITUIDO DE METAL";"71179000";"Loja 3 (CD)";"Loja 1 (Loja)";198,00;1,13;223,74;230,00;32,00;-198,00;0,00
"11709";"KD1598 MINIVENTILADOR PORTATIL DE MAO CORES VARIADAS.";"84145910";"Loja 3 (CD)";"Loja 1 (Loja)";40,00;0,89;35,60;88,00;48,00;-40,00;0,00
"11732";"AS2358 CONJUNTO DE POTES HERMETICOS PARA ARMAZENAMENTO - 3 PEÇAS";"39249000";"Loja 3 (CD)";"Loja 1 (Loja)";8,00;2,98;23,84;120,00;112,00;-8,00;0,00
"11733";"LN2502-1 SACO PARA ROUPAS SUJA";"63079090";"Loja 3 (CD)";"Loja 1 (Loja)";1,00;0,00;0,00;40,00;39,00;-1,00;0,00
"11756";"BOM-5507 ABRACADEIRA DE NYLON ENFORCA GATO 3.6 X 150MM";"39169090";"Loja 1 (Loja)";"Loja 3 (CD)";280,00;3,00;840,00;358,00;78,00;-280,00;0,00
"11816";"BOM-4504 LANTERNA";"82059000";"Loja 3 (CD)";"Loja 1 (Loja)";13,00;10,32;134,16;13,00;0,00;-17,00;-4,00
"11842";"R67410 BRINCO DE METAL COMUM LATAO COM ORNAMENTO EM PEDRA DE VIDR";"71171900";"Loja 3 (CD)";"Loja 1 (Loja)";21,00;2,03;42,63;21,00;0,00;-21,00;0,00
"11850";"B8115 BRINCO DE METAL COMUM LATAO COM ORNAMENTO EM PEDRA DE VIDR";"71171900";"Loja 3 (CD)";"Loja 1 (Loja)";24,00;3,70;88,80;25,00;1,00;-24,00;0,00
"11930";"QJQ-082 POTE DE LIMPEZA PARA PINCEIS DE MAQUIAGEM";"39249000";"Loja 3 (CD)";"Loja 1 (Loja)";10,00;10,00;100,00;10,00;0,00;-42,00;-32,00
"11935";"C4417 COLAR DE METAL COMUM LATAO";"71171900";"Loja 3 (CD)";"Loja 1 (Loja)";17,00;2,03;34,51;30,00;13,00;-17,00;0,00
"11936";"C4502  COLAR DE METAL COMUM LATAO";"71171900";"Loja 3 (CD)";"Loja 1 (Loja)";10,00;1,39;13,90;28,00;18,00;-10,00;0,00
"11954";"L787119 COLAR DE METAL COMUM LATAO";"71171900";"Loja 3 (CD)";"Loja 1 (Loja)";16,00;2,72;43,52;30,00;14,00;-16,00;0,00
"11974";"R66610  BRINCO DE METAL COMUM LATAO COM ORNAMENTO EM PEDRA DE VIDR";"71171900";"Loja 3 (CD)";"Loja 1 (Loja)";15,00;1,47;22,05;29,00;14,00;-15,00;0,00
"11975";"B8023 BRINCO DE METAL COMUM LATAO COM ORNAMENTO EM PEDRA DE VIDR";"71171900";"Loja 3 (CD)";"Loja 1 (Loja)";19,00;3,91;74,29;19,00;0,00;-33,00;-14,00
"11991";"R95310 BRINCO DE METAL COMUM";"71171900";"Loja 3 (CD)";"Loja 1 (Loja)";11,00;2,03;22,33;19,00;8,00;-11,00;0,00
"11997";"R82206 BRINCO DE METAL COMUM";"71171900";"Loja 3 (CD)";"Loja 1 (Loja)";14,00;2,59;36,26;36,00;22,00;-14,00;0,00
"12035";"BM-F078 FACA DE CAÇA";"82119220";"Loja 3 (CD)";"Loja 1 (Loja)";1,00;4,77;4,77;1,00;0,00;-1,00;0,00
"12069";"MS2735 CINTA FEMININA";"95069100";"Loja 3 (CD)";"Loja 1 (Loja)";6,00;2,28;13,68;28,00;22,00;-6,00;0,00
"12077";"MS2666 SELADORA";"84431190";"Loja 1 (Loja)";"Loja 3 (CD)";30,00;1,36;40,80;49,00;19,00;-30,00;0,00
"12093";"MS2796 LUZES DE CONTROLE REMOTO";"94037000";"Loja 3 (CD)";"Loja 1 (Loja)";106,00;4,68;496,08;237,00;131,00;-106,00;0,00
"12097";"BOM-5001 CONJUNTO DE 9 BROCAS PARA FURADEIRA";"82071910";"Loja 1 (Loja)";"Loja 3 (CD)";84,00;1,00;84,00;161,00;77,00;-84,00;0,00
"12100";"BOM-1243 CHAVE DE BOCA E RODA 10 EM 1 DE 8MM A 17MM PARA BICICLETA";"82041100";"Loja 3 (CD)";"Loja 1 (Loja)";35,00;1,10;38,50;35,00;0,00;-49,00;-14,00
"12106";"BOM-1548 AFIADOR AMOLADOR DE FACAS E TESOURAS";"82055100";"Loja 1 (Loja)";"Loja 3 (CD)";71,00;1,68;119,28;198,00;127,00;-71,00;0,00
"12111";"P5804 PULSEIRA DE METAL COMUM LATAO";"71171900";"Loja 3 (CD)";"Loja 1 (Loja)";25,00;2,37;59,25;31,00;6,00;-25,00;0,00
"12119";"BOM-1311 FITA REFLETIVA";"39191090";"Loja 1 (Loja)";"Loja 3 (CD)";30,00;2,02;60,60;30,00;0,00;-32,00;-2,00
"12133";"MS2702 MASSAGEADOR";"82055100";"Loja 3 (CD)";"Loja 1 (Loja)";9,00;11,58;104,22;9,00;0,00;-12,00;-3,00
"12138";"SS3010 LED WIRELESS CHARGING";"94054200";"Loja 3 (CD)";"Loja 1 (Loja)";3,00;34,40;103,20;131,00;128,00;-3,00;0,00
"12221";"YP2728-20 - PINCEL DE PLASTICO PARA APLICACAO DE COSMETICOS";"96033000";"Loja 3 (CD)";"Loja 1 (Loja)";24,00;1,47;35,28;95,00;71,00;-24,00;0,00
"12225";"BM-603 CAMPAINHA ELETRICA DOMESTICA BIVOLT 110-220V";"85318000";"Loja 1 (Loja)";"Loja 3 (CD)";3,00;2,08;6,24;3,00;0,00;-9,00;-6,00
"12232";"BM-R804 RELOGIO DIGITAL SENDO DESPERTADOR";"91051100";"Loja 1 (Loja)";"Loja 3 (CD)";15,00;2,61;39,15;79,00;64,00;-15,00;0,00
"12246";"BOM-5020 CONJ COM 3 BROCAS ESCALONADAS";"82051000";"Loja 3 (CD)";"Loja 1 (Loja)";92,00;2,14;196,88;100,00;8,00;-92,00;0,00
"12271";"BOM-9518 FERRO DE SOLDA 220V-60W";"84678900";"Loja 1 (Loja)";"Loja 3 (CD)";30,00;1,87;56,10;514,00;484,00;-30,00;0,00
"12284";"SX230315-22 TOUCA DE BANHO";"65069100";"Loja 1 (Loja)";"Loja 3 (CD)";37,00;1,00;37,00;37,00;0,00;-40,00;-3,00
"12304";"KA-L11 LUMINARIA DE FESTA COM ILUMINACAO RGB";"94054200";"Loja 3 (CD)";"Loja 1 (Loja)";100,00;4,21;421,00;100,00;0,00;-130,00;-30,00
"12306";"BM-F1150 CONJUNTO SACO PROTETOR PARA LAVAR ROUPA SENDO 5 SACOS E 1 CESTINHA";"63079090";"Loja 3 (CD)";"Loja 1 (Loja)";185,00;1,84;340,40;204,00;19,00;-185,00;0,00
"12315";"BM-604 CAMPAINHA ELETRICA DOMESTICA BIVOLT 110-220V";"85318000";"Loja 1 (Loja)";"Loja 3 (CD)";6,00;1,82;10,92;56,00;50,00;-6,00;0,00
"12333";"BM-F1159 CONJUNTO PORTA TEMPEROS COM 12 POTES DE VIDRO";"70134900";"Loja 1 (Loja)";"Loja 3 (CD)";14,00;18,33;256,62;65,00;51,00;-14,00;0,00
"12369";"BOM-1213 CHAVE BIELA TIPO L 10MM";"82055900";"Loja 3 (CD)";"Loja 1 (Loja)";1,00;1,25;1,25;7,00;6,00;-1,00;0,00
"12380";"ZY137-071 MARMITA";"39232990";"Loja 3 (CD)";"Loja 1 (Loja)";63,00;4,50;283,50;65,00;2,00;-63,00;0,00
"12391";"0438-5 HOT WHEELS - LER COLORIR E BRINCAR";"49030000";"Loja 3 (CD)";"Loja 1 (Loja)";31,00;12,50;387,50;80,00;49,00;-31,00;0,00
"12392";"0440-8 PATRULHA CANINA - LER COLORIR E BRINCAR";"49030000";"Loja 3 (CD)";"Loja 1 (Loja)";14,00;11,87;166,18;40,00;26,00;-14,00;0,00
"12394";"4439 PEPPA PIG - LER COLORIR E BRINCAR";"49030000";"Loja 3 (CD)";"Loja 1 (Loja)";14,00;12,50;175,00;87,00;73,00;-14,00;0,00
"12397";"0536-8 TURMA DA MONICA - LER COLORIR E BRINCAR";"49030000";"Loja 3 (CD)";"Loja 1 (Loja)";10,00;11,87;118,70;40,00;30,00;-10,00;0,00
"12399";"7614 PALAVRINHAS - 365 ATIVIDADES E DESENHOS PARA COLORIR";"49030000";"Loja 3 (CD)";"Loja 1 (Loja)";18,00;7,00;126,00;160,00;142,00;-18,00;0,00
"12403";"1093-5 HARRY POTTER - MEU LIVRO DIARIO MAGICO";"49030000";"Loja 3 (CD)";"Loja 1 (Loja)";13,00;11,87;154,31;151,00;138,00;-13,00;0,00
"12404";"11567 SONIC - LER COLORIR E BRINCAR";"49030000";"Loja 3 (CD)";"Loja 1 (Loja)";22,00;11,87;261,14;54,00;32,00;-22,00;0,00
"12406";"1337-0 ENALDINHO - LIVRO DIARIO SECRETO";"49030000";"Loja 3 (CD)";"Loja 1 (Loja)";15,00;11,87;178,05;160,00;145,00;-15,00;0,00
"12407";"1500-8 ENALDINHO - 365 ATIVIDADES DESAFIOS E DESENHOS PARA COLORIR";"49030000";"Loja 3 (CD)";"Loja 1 (Loja)";2,00;6,65;13,30;44,00;42,00;-2,00;0,00
"12421";"2409 CAMINHO DAS LETRAS";"49019900";"Loja 3 (CD)";"Loja 1 (Loja)";30,00;8,55;256,50;122,00;92,00;-30,00;0,00
"12423";"4694  MATEMATICA DIVERTIDA";"49030000";"Loja 3 (CD)";"Loja 1 (Loja)";16,00;3,61;57,76;93,00;77,00;-16,00;0,00
"12427";"7541 APOIO ESCOLAR - APRENDA MATEMATICA";"49030000";"Loja 3 (CD)";"Loja 1 (Loja)";8,00;6,17;49,36;64,00;56,00;-8,00;0,00
"12428";"755-8 APOIO ESCOLAR - APRENDA O ALFABETO";"49030000";"Loja 1 (Loja)";"Loja 3 (CD)";12,00;6,17;74,04;143,00;131,00;-12,00;0,00
"12431";"759-6 APOIO ESCOLAR - APRENDA A LETRA DE FORMA";"49030000";"Loja 1 (Loja)";"Loja 3 (CD)";40,00;5,22;208,80;423,00;383,00;-40,00;0,00
"12441";"6569 2º ANO PORTUGUÊS - MATEMÁTICA - CIÊNCIAS E MUITO MAIS";"49019900";"Loja 3 (CD)";"Loja 1 (Loja)";22,00;3,80;83,60;172,00;150,00;-22,00;0,00
"12450";"9693-1 PATRULHA CANINA - PATRULHEIROS PRONTOS PARA A ACAO!";"49030000";"Loja 3 (CD)";"Loja 1 (Loja)";8,00;11,87;94,96;80,00;72,00;-8,00;0,00
"12451";"9695-5 3 PALAVRINHAS - DEUS E AMOR!";"49030000";"Loja 3 (CD)";"Loja 1 (Loja)";15,00;12,50;187,50;117,00;102,00;-15,00;0,00
"12475";"BOM-1052 TESOURA PARA PODA DE CERCA VIVA";"82130000";"Loja 1 (Loja)";"Loja 3 (CD)";12,00;10,29;123,48;65,00;53,00;-12,00;0,00
"12483";"BOM-1521 FERRAMENTA MULTIUSO 3 EM 1";"82059000";"Loja 3 (CD)";"Loja 1 (Loja)";8,00;14,60;116,80;17,00;9,00;-8,00;0,00
"12486";"BOM-2751 CONJ DE RODIZIOS";"83022000";"Loja 1 (Loja)";"Loja 3 (CD)";6,00;4,93;29,58;39,00;33,00;-6,00;0,00
"12496";"BOM-2761 CONJUNTO COM 4 RODIZIOS SENDO 2 GIRATORIOS E 2 FIXOS";"83022000";"Loja 3 (CD)";"Loja 1 (Loja)";30,00;2,47;74,10;34,00;4,00;-30,00;0,00
"12514";"HJYL-737 CINTO DE USO FEMININO";"71171900";"Loja 1 (Loja)";"Loja 3 (CD)";48,00;1,62;77,76;383,00;335,00;-48,00;0,00
"12571";"46116 BASTAO DE MASSAGEM";"90191000";"Loja 3 (CD)";"Loja 1 (Loja)";10,00;3,72;37,20;30,00;20,00;-10,00;0,00
"12612";"CX-70109 ESPREMEDOR MANUAL CX-100";"39241000";"Loja 1 (Loja)";"Loja 3 (CD)";1,00;14,40;14,40;133,00;132,00;-1,00;0,00
"12693";"AS2380 P1 CONJUNTO POTES HERMÉTICO  CONTENDO 3 PECAS";"39249000";"Loja 1 (Loja)";"Loja 3 (CD)";55,00;1,20;66,00;55,00;0,00;-100,00;-45,00
"12708";"BOM-4502 LUMINARIA LED PARA EMERGENCIA";"94054200";"Loja 1 (Loja)";"Loja 3 (CD)";23,00;5,94;136,62;83,00;60,00;-23,00;0,00
"12716";"BOM-5504 ABRACADEIRA NYLON ENFORCA GATO 4.8";"39169090";"Loja 3 (CD)";"Loja 1 (Loja)";11,00;0,90;9,90;130,00;119,00;-11,00;0,00
"12746";"BOM-8813 MINI BOMBA DE AR MANUAL P BICICLETA";"84142000";"Loja 1 (Loja)";"Loja 3 (CD)";30,00;2,74;82,20;114,00;84,00;-30,00;0,00
"12764";"BOM-9604 CONJUNTO RETIFICADEIRA ELETRICA - TENSAO: 220V";"84672999";"Loja 1 (Loja)";"Loja 3 (CD)";10,00;19,80;198,00;61,00;51,00;-10,00;0,00
"12900";"ST-726 - FONTE SOLAR DECORATIVA FLUTUANTE";"84248990";"Loja 3 (CD)";"Loja 1 (Loja)";7,00;3,31;23,17;160,00;153,00;-7,00;0,00
"12941";"LB740059 PULSEIRA";"71171900";"Loja 3 (CD)";"Loja 1 (Loja)";7,00;0,91;6,37;30,00;23,00;-7,00;0,00
"12959";"LB348184 KIT COLAR/BINCO";"71171900";"Loja 3 (CD)";"Loja 1 (Loja)";16,00;1,12;17,92;22,00;6,00;-16,00;0,00
"12970";"DYIN-104 PISCINA INF MICKEY 100L";"95069900";"Loja 1 (Loja)";"Loja 3 (CD)";1,00;21,67;21,67;26,00;25,00;-1,00;0,00
"12987";"BOM-1002 MARTELO UNHA";"82059000";"Loja 1 (Loja)";"Loja 3 (CD)";47,00;6,34;297,98;133,00;86,00;-47,00;0,00
"12988";"BOM-1505 MINI MAQUINA DE COSTURA";"84522990";"Loja 3 (CD)";"Loja 1 (Loja)";42,00;12,40;520,80;42,00;0,00;-47,00;-5,00
"13011";"BOM-5661 SUPORTE PARA MESA DE BANCADA PARA FURADEIRA";"84679900";"Loja 1 (Loja)";"Loja 3 (CD)";17,00;55,71;947,07;17,00;0,00;-20,00;-3,00
"13012";"BOM-6002 MULTIMETRO DIGITAL";"90303200";"Loja 1 (Loja)";"Loja 3 (CD)";70,00;1,00;70,00;189,00;119,00;-70,00;0,00
"13058";"BM-F911B  MIXER PARA PREPARAR SUCOS - 3.7 VOLTS - 6 LAMINAS";"85098090";"Loja 1 (Loja)";"Loja 3 (CD)";21,00;3,52;73,92;377,00;356,00;-21,00;0,00
"13103";"MXG-2001 - MAQUINA DE PRODUZIR CUBOS DE GELO";"84186999";"Loja 3 (CD)";"Loja 1 (Loja)";2,00;134,35;268,70;15,00;13,00;-2,00;0,00
"13123";"GX10-1151 - ESTOJO UNISSEX EM PVC";"42029200";"Loja 1 (Loja)";"Loja 3 (CD)";14,00;6,81;95,34;143,00;129,00;-14,00;0,00
"13285";"JL1371 PLACA EM MATERIAL PLASTICO AUTO ADESIVO";"39189000";"Loja 3 (CD)";"Loja 1 (Loja)";4,00;1,95;7,80;85,00;81,00;-4,00;0,00
"13308";"JL1393 PLACA EM MATERIAL PLASTICO AUTO ADESIVO";"39189000";"Loja 3 (CD)";"Loja 1 (Loja)";9,00;3,07;27,63;40,00;31,00;-9,00;0,00
"13318";"HQ1936 ESPELHO GOTA EMOLDURADO EM MATERIAL PLASTICO";"70099200";"Loja 3 (CD)";"Loja 1 (Loja)";41,00;5,44;223,04;96,00;55,00;-41,00;0,00
"13321";"HQ1937 ESPELHO EMOLDURADO CORAÇÃO EM MATERIAL PLASTICO";"70099200";"Loja 3 (CD)";"Loja 1 (Loja)";37,00;6,14;227,18;96,00;59,00;-37,00;0,00
"13326";"HQ1942 ESPELHO EMOLDURADO EM MATERIAL PLASTICO";"70099200";"Loja 3 (CD)";"Loja 1 (Loja)";56,00;3,63;203,28;144,00;88,00;-56,00;0,00
"13333";"HQ1949 ESPELHO EMOLDURADO EM MATERIAL PLASTICO";"70099200";"Loja 3 (CD)";"Loja 1 (Loja)";11,00;11,16;122,76;224,00;213,00;-11,00;0,00
"13334";"CC2306 CONJ. COM PRATO EM MATERIAL PLASTICO";"39241000";"Loja 3 (CD)";"Loja 1 (Loja)";11,00;2,79;30,69;179,00;168,00;-11,00;0,00
"13344";"HQ1959 ESPELHO EMOLDURADO EM MATERIAL PLASTICO";"70099200";"Loja 3 (CD)";"Loja 1 (Loja)";52,00;4,46;231,92;252,00;200,00;-52,00;0,00
"13345";"HQ1960 ESPELHO EMOLDURADO EM MATERIAL PLASTICO";"70099200";"Loja 3 (CD)";"Loja 1 (Loja)";42,00;1,81;76,02;192,00;150,00;-42,00;0,00
"13346";"HQ1961 ESPELHO EMOLDURADO EM MATERIAL PLASTICO";"70099200";"Loja 3 (CD)";"Loja 1 (Loja)";36,00;4,92;177,12;192,00;156,00;-36,00;0,00
"13347";"HQ1962 ESPELHO EMOLDURADO EM MATERIAL PLASTICO";"70099200";"Loja 3 (CD)";"Loja 1 (Loja)";96,00;2,31;221,76;192,00;96,00;-96,00;0,00
"13348";"HQ1963 ESPELHO EMOLDURADO EM MATERIAL PLASTICO";"70099200";"Loja 3 (CD)";"Loja 1 (Loja)";57,00;2,51;143,07;192,00;135,00;-57,00;0,00
"13349";"HQ1964 ESPELHO EMOLDURADO EM MATERIAL PLASTICO";"70099200";"Loja 3 (CD)";"Loja 1 (Loja)";28,00;1,81;50,68;164,00;136,00;-28,00;0,00
"13350";"HQ1965 ESPELHO EMOLDURADO EM MATERIAL PLASTICO";"70099200";"Loja 3 (CD)";"Loja 1 (Loja)";112,00;1,81;202,72;192,00;80,00;-112,00;0,00
"13351";"HQ1966 ESPELHO EMOLDURADO EM MATERIAL PLASTICO";"70099200";"Loja 3 (CD)";"Loja 1 (Loja)";60,00;3,07;184,20;144,00;84,00;-60,00;0,00
"13352";"HQ1967 ESPELHO EMOLDURADO EM MATERIAL PLASTICO";"70099200";"Loja 3 (CD)";"Loja 1 (Loja)";506,00;4,82;2.438,92;643,00;137,00;-506,00;0,00
"13355";"HQ1970 ESPELHO EMOLDURADO EM MATERIAL PLASTICO";"70099200";"Loja 3 (CD)";"Loja 1 (Loja)";8,00;11,16;89,28;260,00;252,00;-8,00;0,00
"13360";"HQ1974 ESPELHO EMOLDURADO EM MATERIAL PLASTICO";"70099200";"Loja 3 (CD)";"Loja 1 (Loja)";17,00;10,68;181,56;84,00;67,00;-17,00;0,00
"13362";"HQ1976 ESPELHO EMOLDURADO EM MATERIAL PLASTICO";"70099200";"Loja 1 (Loja)";"Loja 3 (CD)";11,00;1,00;11,00;112,00;101,00;-11,00;0,00
"13366";"CC2330 CONJ. COM PRATO EM MATERIAL PLASTICO";"39241000";"Loja 3 (CD)";"Loja 1 (Loja)";20,00;1,21;24,20;86,00;66,00;-20,00;0,00
"13367";"LC1838 POTE DE VIDRO";"70134900";"Loja 3 (CD)";"Loja 1 (Loja)";9,00;10,32;92,88;24,00;15,00;-9,00;0,00
"13368";"LC1839 POTE DE VIDRO";"70134900";"Loja 3 (CD)";"Loja 1 (Loja)";11,00;10,88;119,68;24,00;13,00;-11,00;0,00
"13369";"LC1840 POTE DE VIDRO";"70134900";"Loja 3 (CD)";"Loja 1 (Loja)";16,00;9,76;156,16;24,00;8,00;-16,00;0,00
"13374";"LC1845 POTE DE VIDRO";"70134900";"Loja 3 (CD)";"Loja 1 (Loja)";35,00;1,33;46,55;240,00;205,00;-35,00;0,00
"13375";"LC1846 POTE DE VIDRO";"70134900";"Loja 3 (CD)";"Loja 1 (Loja)";112,00;1,39;155,68;240,00;128,00;-112,00;0,00
"13376";"LC1847 POTE DE VIDRO";"70134900";"Loja 3 (CD)";"Loja 1 (Loja)";142,00;3,72;528,24;200,00;58,00;-142,00;0,00
"13378";"LC1848 POTE DE VIDRO";"70134900";"Loja 3 (CD)";"Loja 1 (Loja)";74,00;3,07;227,18;150,00;76,00;-74,00;0,00
"13379";"LC1849 POTE DE VIDRO";"70134900";"Loja 3 (CD)";"Loja 1 (Loja)";71,00;3,35;237,85;100,00;29,00;-71,00;0,00
"13380";"LC1850 POTE DE VIDRO";"70134900";"Loja 3 (CD)";"Loja 1 (Loja)";82,00;3,21;263,22;200,00;118,00;-82,00;0,00
"13381";"LC1851 POTE DE VIDRO";"70134900";"Loja 3 (CD)";"Loja 1 (Loja)";24,00;3,77;90,48;100,00;76,00;-24,00;0,00
"13382";"LC1852 POTE DE VIDRO";"70134900";"Loja 3 (CD)";"Loja 1 (Loja)";15,00;4,05;60,75;100,00;85,00;-15,00;0,00
"13383";"LC1853 POTE DE VIDRO";"70134900";"Loja 3 (CD)";"Loja 1 (Loja)";33,00;6,32;208,56;100,00;67,00;-33,00;0,00
"13384";"LC1854 POTE DE VIDRO";"70134900";"Loja 3 (CD)";"Loja 1 (Loja)";147,00;2,09;307,23;320,00;173,00;-147,00;0,00
"13385";"LC1855 POTE DE VIDRO";"70134900";"Loja 3 (CD)";"Loja 1 (Loja)";115,00;1,52;174,80;240,00;125,00;-115,00;0,00
"13386";"LC1856 POTE DE VIDRO";"70134900";"Loja 3 (CD)";"Loja 1 (Loja)";8,00;2,23;17,84;351,00;343,00;-8,00;0,00
"13387";"LC1857 POTE DE VIDRO";"70134900";"Loja 3 (CD)";"Loja 1 (Loja)";63,00;3,63;228,69;200,00;137,00;-63,00;0,00
"13388";"LC1858 POTE DE VIDRO";"70134900";"Loja 3 (CD)";"Loja 1 (Loja)";40,00;3,77;150,80;150,00;110,00;-40,00;0,00
"13389";"LC1859 POTE DE VIDRO";"70134900";"Loja 3 (CD)";"Loja 1 (Loja)";4,00;4,05;16,20;100,00;96,00;-4,00;0,00
"13391";"LC1861 POTE DE VIDRO";"70134900";"Loja 3 (CD)";"Loja 1 (Loja)";53,00;4,60;243,80;100,00;47,00;-53,00;0,00
"13392";"LC1862 POTE DE VIDRO";"70134900";"Loja 3 (CD)";"Loja 1 (Loja)";56,00;4,88;273,28;100,00;44,00;-56,00;0,00
"13393";"LC1863 POTE DE VIDRO";"70134900";"Loja 3 (CD)";"Loja 1 (Loja)";49,00;2,51;122,99;100,00;51,00;-49,00;0,00
"13394";"LC1864 POTE DE VIDRO";"70134900";"Loja 3 (CD)";"Loja 1 (Loja)";9,00;5,95;53,55;72,00;63,00;-9,00;0,00
"13395";"LC1865 POTE DE VIDRO";"70134900";"Loja 3 (CD)";"Loja 1 (Loja)";2,00;5,86;11,72;14,00;12,00;-2,00;0,00
"13396";"JL1495 PLACA EM MATERIAL PLASTICO AUTO ADESIVO";"39189000";"Loja 3 (CD)";"Loja 1 (Loja)";64,00;1,89;120,96;240,00;176,00;-64,00;0,00
"13397";"LC1867 POTE DE VIDRO";"70134900";"Loja 3 (CD)";"Loja 1 (Loja)";2,00;4,26;8,52;159,00;157,00;-2,00;0,00
"13399";"LC1868 POTE DE VIDRO";"70134900";"Loja 3 (CD)";"Loja 1 (Loja)";40,00;4,54;181,60;150,00;110,00;-40,00;0,00
"13400";"LC1869 POTE DE VIDRO";"70134900";"Loja 3 (CD)";"Loja 1 (Loja)";34,00;5,16;175,44;100,00;66,00;-34,00;0,00
"13406";"LC1874 POTE DE VIDRO";"70134900";"Loja 3 (CD)";"Loja 1 (Loja)";29,00;5,86;169,94;48,00;19,00;-29,00;0,00
"13408";"LC1876 POTE DE VIDRO";"70134900";"Loja 3 (CD)";"Loja 1 (Loja)";34,00;2,65;90,10;200,00;166,00;-34,00;0,00
"13409";"LC1877 POTE DE VIDRO";"70134900";"Loja 3 (CD)";"Loja 1 (Loja)";65,00;2,93;190,45;170,00;105,00;-65,00;0,00
"13412";"FL2444 MINI ABAJUR";"94052100";"Loja 3 (CD)";"Loja 1 (Loja)";22,00;6,56;144,32;40,00;18,00;-22,00;0,00
"13419";"LC1885 POTE DE VIDRO";"70134900";"Loja 3 (CD)";"Loja 1 (Loja)";24,00;5,58;133,92;72,00;48,00;-24,00;0,00
"13420";"LC1886 POTE DE VIDRO";"70134900";"Loja 3 (CD)";"Loja 1 (Loja)";15,00;11,62;174,30;24,00;9,00;-15,00;0,00
"13421";"LC1887 POTE DE VIDRO";"70134900";"Loja 3 (CD)";"Loja 1 (Loja)";72,00;1,81;130,32;276,00;204,00;-72,00;0,00
"13422";"LC1888 POTE DE VIDRO";"70134900";"Loja 3 (CD)";"Loja 1 (Loja)";29,00;2,09;60,61;100,00;71,00;-29,00;0,00
"13423";"LC1889 POTE DE VIDRO";"70134900";"Loja 3 (CD)";"Loja 1 (Loja)";16,00;3,35;53,60;80,00;64,00;-16,00;0,00
"13426";"LC1892 POTE DE VIDRO";"70134900";"Loja 3 (CD)";"Loja 1 (Loja)";58,00;2,51;145,58;316,00;258,00;-58,00;0,00
"13427";"LC1893 POTE DE VIDRO";"70134900";"Loja 3 (CD)";"Loja 1 (Loja)";44,00;2,79;122,76;300,00;256,00;-44,00;0,00
"13429";"LC1895 POTE DE VIDRO";"70134900";"Loja 3 (CD)";"Loja 1 (Loja)";1,00;13,76;13,76;80,00;79,00;-1,00;0,00
"13431";"CC2294 POTE HERMÉTICO G";"70134900";"Loja 2 (Depósito)";"Loja 3 (CD)";24,00;8,93;214,32;480,00;456,00;-24,00;0,00
"13437";"JL1368 PLACA EM MATERIAL PLASTICO AUTO ADESIVO";"39189000";"Loja 3 (CD)";"Loja 1 (Loja)";74,00;4,92;364,08;78,00;4,00;-74,00;0,00
"13438";"JL1369 PLACA EM MATERIAL PLASTICO AUTO ADESIVO";"39189000";"Loja 3 (CD)";"Loja 1 (Loja)";32,00;2,60;83,20;78,00;46,00;-32,00;0,00
"13439";"JL1370 PLACA EM MATERIAL PLASTICO AUTO ADESIVO";"39189000";"Loja 3 (CD)";"Loja 1 (Loja)";30,00;1,95;58,50;88,00;58,00;-30,00;0,00
"13440";"JL1372 PLACA EM MATERIAL PLASTICO AUTO ADESIVO";"39189000";"Loja 3 (CD)";"Loja 1 (Loja)";60,00;1,95;117,00;88,00;28,00;-60,00;0,00
"13441";"JL1373 PLACA EM MATERIAL PLASTICO AUTO ADESIVO";"39189000";"Loja 3 (CD)";"Loja 1 (Loja)";32,00;1,95;62,40;78,00;46,00;-32,00;0,00
"13442";"JL1374 PLACA EM MATERIAL PLASTICO AUTO ADESIVO";"39189000";"Loja 3 (CD)";"Loja 1 (Loja)";3,00;1,86;5,58;88,00;85,00;-3,00;0,00
"13443";"JL1375 PLACA EM MATERIAL PLASTICO AUTO ADESIVO";"39189000";"Loja 3 (CD)";"Loja 1 (Loja)";18,00;2,79;50,22;88,00;70,00;-18,00;0,00
"13445";"JL1376 PLACA EM MATERIAL PLASTICO AUTO ADESIVO";"39189000";"Loja 3 (CD)";"Loja 1 (Loja)";58,00;3,72;215,76;88,00;30,00;-58,00;0,00
"13446";"JL1377 PLACA EM MATERIAL PLASTICO AUTO ADESIVO";"39189000";"Loja 3 (CD)";"Loja 1 (Loja)";23,00;2,37;54,51;88,00;65,00;-23,00;0,00
"13447";"JL1378 PLACA EM MATERIAL PLASTICO AUTO ADESIVO";"39189000";"Loja 3 (CD)";"Loja 1 (Loja)";46,00;2,37;109,02;88,00;42,00;-46,00;0,00
"13448";"JL1379 PLACA EM MATERIAL PLASTICO AUTO ADESIVO";"39189000";"Loja 3 (CD)";"Loja 1 (Loja)";29,00;2,37;68,73;60,00;31,00;-29,00;0,00
"13449";"JL1380 PLACA EM MATERIAL PLASTICO AUTO ADESIVO";"39189000";"Loja 3 (CD)";"Loja 1 (Loja)";28,00;2,37;66,36;60,00;32,00;-28,00;0,00
"13450";"JL1381 PLACA EM MATERIAL PLASTICO AUTO ADESIVO";"39189000";"Loja 3 (CD)";"Loja 1 (Loja)";26,00;2,37;61,62;60,00;34,00;-26,00;0,00
"13452";"JL1383 PLACA EM MATERIAL PLASTICO AUTO ADESIVO";"39189000";"Loja 3 (CD)";"Loja 1 (Loja)";38,00;3,35;127,30;59,00;21,00;-38,00;0,00
"13453";"JL1384 PLACA EM MATERIAL PLASTICO AUTO ADESIVO";"39189000";"Loja 3 (CD)";"Loja 1 (Loja)";44,00;3,16;139,04;60,00;16,00;-44,00;0,00
"13454";"JL1385 PLACA EM MATERIAL PLASTICO AUTO ADESIVO";"39189000";"Loja 3 (CD)";"Loja 1 (Loja)";34,00;3,07;104,38;40,00;6,00;-34,00;0,00
"13457";"JL1387 PLACA EM MATERIAL PLASTICO AUTO ADESIVO";"39189000";"Loja 3 (CD)";"Loja 1 (Loja)";17,00;5,95;101,15;40,00;23,00;-17,00;0,00
"13459";"JL1389 PLACA EM MATERIAL PLASTICO AUTO ADESIVO";"39189000";"Loja 3 (CD)";"Loja 1 (Loja)";4,00;4,09;16,36;30,00;26,00;-4,00;0,00
"13461";"JL1391 PLACA EM MATERIAL PLASTICO AUTO ADESIVO";"39189000";"Loja 3 (CD)";"Loja 1 (Loja)";17,00;5,95;101,15;40,00;23,00;-17,00;0,00
"13462";"JL1392 PLACA EM MATERIAL PLASTICO AUTO ADESIVO";"39189000";"Loja 3 (CD)";"Loja 1 (Loja)";5,00;4,92;24,60;40,00;35,00;-5,00;0,00
"13463";"JL1394 PLACA EM MATERIAL PLASTICO AUTO ADESIVO";"39189000";"Loja 3 (CD)";"Loja 1 (Loja)";27,00;5,39;145,53;30,00;3,00;-27,00;0,00
"13465";"JL1396 PLACA EM MATERIAL PLASTICO AUTO ADESIVO";"39189000";"Loja 3 (CD)";"Loja 1 (Loja)";1,00;2,79;2,79;30,00;29,00;-1,00;0,00
"13467";"JL1398 PLACA EM MATERIAL PLASTICO AUTO ADESIVO";"39189000";"Loja 3 (CD)";"Loja 1 (Loja)";7,00;9,29;65,03;19,00;12,00;-7,00;0,00
"13470";"JL1401 PLACA EM MATERIAL PLASTICO AUTO ADESIVO";"39189000";"Loja 3 (CD)";"Loja 1 (Loja)";2,00;2,79;5,58;66,00;64,00;-2,00;0,00
"13472";"JL1403 PLACA EM MATERIAL PLASTICO AUTO ADESIVO";"39189000";"Loja 3 (CD)";"Loja 1 (Loja)";47,00;1,95;91,65;66,00;19,00;-47,00;0,00
"13473";"JL1404 PLACA EM MATERIAL PLASTICO AUTO ADESIVO";"39189000";"Loja 3 (CD)";"Loja 1 (Loja)";20,00;1,86;37,20;66,00;46,00;-20,00;0,00
"13474";"JL1405 PLACA EM MATERIAL PLASTICO AUTO ADESIVO";"39189000";"Loja 3 (CD)";"Loja 1 (Loja)";40,00;1,95;78,00;66,00;26,00;-40,00;0,00
"13475";"JL1443 PLACA EM MATERIAL PLASTICO AUTO ADESIVO";"39189000";"Loja 3 (CD)";"Loja 1 (Loja)";19,00;3,49;66,31;60,00;41,00;-19,00;0,00
"13476";"JL1444 PLACA EM MATERIAL PLASTICO AUTO ADESIVO";"39189000";"Loja 3 (CD)";"Loja 1 (Loja)";27,00;3,49;94,23;60,00;33,00;-27,00;0,00
"13477";"JL1445 PLACA EM MATERIAL PLASTICO AUTO ADESIVO";"39189000";"Loja 3 (CD)";"Loja 1 (Loja)";17,00;4,92;83,64;40,00;23,00;-17,00;0,00
"13478";"JL1446 PLACA EM MATERIAL PLASTICO AUTO ADESIVO";"39189000";"Loja 3 (CD)";"Loja 1 (Loja)";6,00;3,49;20,94;60,00;54,00;-6,00;0,00
"13479";"JL1447 PLACA EM MATERIAL PLASTICO AUTO ADESIVO";"39189000";"Loja 3 (CD)";"Loja 1 (Loja)";4,00;4,83;19,32;13,00;9,00;-4,00;0,00
"13480";"JL1448 PLACA EM MATERIAL PLASTICO AUTO ADESIVO";"39189000";"Loja 3 (CD)";"Loja 1 (Loja)";31,00;3,63;112,53;60,00;29,00;-31,00;0,00
"13481";"JL1449 PLACA EM MATERIAL PLASTICO AUTO ADESIVO";"39189000";"Loja 3 (CD)";"Loja 1 (Loja)";36,00;3,63;130,68;60,00;24,00;-36,00;0,00
"13485";"JL1454 PLACA EM MATERIAL PLASTICO AUTO ADESIVO";"39189000";"Loja 3 (CD)";"Loja 1 (Loja)";29,00;2,79;80,91;120,00;91,00;-29,00;0,00
"13487";"JL1463 PLACA EM MATERIAL PLASTICO AUTO ADESIVO";"39189000";"Loja 3 (CD)";"Loja 1 (Loja)";4,00;1,81;7,24;240,00;236,00;-4,00;0,00
"13488";"JL1464 PLACA EM MATERIAL PLASTICO AUTO ADESIVO";"39189000";"Loja 3 (CD)";"Loja 1 (Loja)";2,00;1,81;3,62;240,00;238,00;-2,00;0,00
"13492";"JL1468 PLACA EM MATERIAL PLASTICO AUTO ADESIVO";"39189000";"Loja 3 (CD)";"Loja 1 (Loja)";15,00;1,81;27,15;240,00;225,00;-15,00;0,00
"13495";"JL1471 PLACA EM MATERIAL PLASTICO AUTO ADESIVO";"39189000";"Loja 3 (CD)";"Loja 1 (Loja)";2,00;1,81;3,62;240,00;238,00;-2,00;0,00
"13500";"JL1476 PLACA EM MATERIAL PLASTICO AUTO ADESIVO";"39189000";"Loja 3 (CD)";"Loja 1 (Loja)";5,00;1,81;9,05;240,00;235,00;-5,00;0,00
"13509";"JL1486 PLACA EM MATERIAL PLASTICO AUTO ADESIVO";"39189000";"Loja 3 (CD)";"Loja 1 (Loja)";9,00;3,72;33,48;190,00;181,00;-9,00;0,00
"13510";"JL1487 PLACA EM MATERIAL PLASTICO AUTO ADESIVO";"39189000";"Loja 3 (CD)";"Loja 1 (Loja)";10,00;4,26;42,60;199,00;189,00;-10,00;0,00
"13513";"JL1459 PROTETOR EM MATERIAL PLASTICO ANTIADERENTE";"39189000";"Loja 3 (CD)";"Loja 1 (Loja)";95,00;2,37;225,15;240,00;145,00;-95,00;0,00
"13514";"JL1460 PROTETOR EM MATERIAL PLASTICO ANTIADERENTE";"39189000";"Loja 3 (CD)";"Loja 1 (Loja)";77,00;2,37;182,49;240,00;163,00;-77,00;0,00
"13515";"JL1461 PROTETOR EM MATERIAL PLASTICO ANTIADERENTE";"39269090";"Loja 3 (CD)";"Loja 1 (Loja)";106,00;2,65;280,90;240,00;134,00;-106,00;0,00
"13516";"JL1489 FITA AUTOADESIVA";"39191020";"Loja 3 (CD)";"Loja 1 (Loja)";59,00;2,65;156,35;200,00;141,00;-59,00;0,00
"13517";"JL1490 FITA AUTOADESIVA";"39191020";"Loja 3 (CD)";"Loja 1 (Loja)";53,00;1,81;95,93;200,00;147,00;-53,00;0,00
"13518";"JL1491 FITA AUTOADESIVA";"39191020";"Loja 3 (CD)";"Loja 1 (Loja)";25,00;4,92;123,00;187,00;162,00;-25,00;0,00
"13519";"JL1493 FITA AUTOADESIVA";"39191020";"Loja 3 (CD)";"Loja 1 (Loja)";17,00;3,07;52,19;100,00;83,00;-17,00;0,00
"13525";"CC2297 CONJ. COM PRATO EM MATERIAL PLASTICO";"39241000";"Loja 3 (CD)";"Loja 1 (Loja)";2,00;1,21;2,42;107,00;105,00;-2,00;0,00
"13526";"CC2298 CONJ. COM PRATO EM MATERIAL PLASTICO";"39241000";"Loja 3 (CD)";"Loja 1 (Loja)";13,00;1,12;14,56;120,00;107,00;-13,00;0,00
"13527";"CC2299 CONJ. COM PRATO EM MATERIAL PLASTICO";"39241000";"Loja 3 (CD)";"Loja 1 (Loja)";13,00;1,20;15,60;109,00;96,00;-13,00;0,00
"13529";"CC2301 CONJ. COM PRATO EM MATERIAL PLASTICO";"39241000";"Loja 3 (CD)";"Loja 1 (Loja)";7,00;1,21;8,47;120,00;113,00;-7,00;0,00
"13530";"CC2302 CONJ. COM PRATO EM MATERIAL PLASTICO";"39241000";"Loja 3 (CD)";"Loja 1 (Loja)";23,00;3,50;80,50;132,00;109,00;-23,00;0,00
"13531";"CC2303 CONJ. COM PRATO EM MATERIAL PLASTICO";"39241000";"Loja 3 (CD)";"Loja 1 (Loja)";14,00;1,21;16,94;120,00;106,00;-14,00;0,00
"13532";"CC2304 CONJ. COM PRATO EM MATERIAL PLASTICO";"39241000";"Loja 3 (CD)";"Loja 1 (Loja)";15,00;0,93;13,95;240,00;225,00;-15,00;0,00
"13533";"CC2305 CONJ. COM PRATO EM MATERIAL PLASTICO";"39241000";"Loja 3 (CD)";"Loja 1 (Loja)";25,00;1,20;30,00;213,00;188,00;-25,00;0,00
"13534";"CC2307 CONJ. COM PRATO EM MATERIAL PLASTICO";"39241000";"Loja 3 (CD)";"Loja 1 (Loja)";1,00;1,21;1,21;240,00;239,00;-1,00;0,00
"13535";"CC2308 CONJ. COM PRATO EM MATERIAL PLASTICO";"39241000";"Loja 3 (CD)";"Loja 1 (Loja)";38,00;2,79;106,02;195,00;157,00;-38,00;0,00
"13536";"CC2309 CONJ. COM PRATO EM MATERIAL PLASTICO";"39241000";"Loja 3 (CD)";"Loja 1 (Loja)";26,00;1,20;31,20;228,00;202,00;-26,00;0,00
"13537";"CC2310 CONJ. COM PRATO EM MATERIAL PLASTICO";"39241000";"Loja 3 (CD)";"Loja 1 (Loja)";9,00;1,21;10,89;237,00;228,00;-9,00;0,00
"13538";"CC2311 CONJ. COM PRATO EM MATERIAL PLASTICO";"39241000";"Loja 3 (CD)";"Loja 1 (Loja)";33,00;0,93;30,69;96,00;63,00;-33,00;0,00
"13539";"CC2312 CONJ. COM PRATO EM MATERIAL PLASTICO";"39241000";"Loja 3 (CD)";"Loja 1 (Loja)";12,00;0,93;11,16;96,00;84,00;-12,00;0,00
"13540";"CC2313 CONJ. COM PRATO EM MATERIAL PLASTICO";"39241000";"Loja 3 (CD)";"Loja 1 (Loja)";26,00;0,93;24,18;120,00;94,00;-26,00;0,00
"13541";"CC2314 CONJ. COM PRATO EM MATERIAL PLASTICO";"39241000";"Loja 3 (CD)";"Loja 1 (Loja)";16,00;1,21;19,36;118,00;102,00;-16,00;0,00
"13542";"CC2315 CONJ. COM PRATO EM MATERIAL PLASTICO";"39241000";"Loja 3 (CD)";"Loja 1 (Loja)";43,00;0,93;39,99;120,00;77,00;-43,00;0,00
"13543";"CC2316 CONJ. COM PRATO EM MATERIAL PLASTICO";"39241000";"Loja 3 (CD)";"Loja 1 (Loja)";11,00;0,93;10,23;108,00;97,00;-11,00;0,00
"13544";"CC2317 CONJ. COM PRATO EM MATERIAL PLASTICO";"39241000";"Loja 3 (CD)";"Loja 1 (Loja)";34,00;0,93;31,62;120,00;86,00;-34,00;0,00
"13545";"CC2318 CONJ. COM PRATO EM MATERIAL PLASTICO";"39241000";"Loja 3 (CD)";"Loja 1 (Loja)";21,00;0,93;19,53;120,00;99,00;-21,00;0,00
"13546";"CC2319 CONJ. COM PRATO EM MATERIAL PLASTICO";"39241000";"Loja 3 (CD)";"Loja 1 (Loja)";9,00;1,21;10,89;120,00;111,00;-9,00;0,00
"13547";"CC2320 CONJ. COM PRATO EM MATERIAL PLASTICO";"39241000";"Loja 3 (CD)";"Loja 1 (Loja)";14,00;0,93;13,02;120,00;106,00;-14,00;0,00
"13549";"CC2322 CONJ. COM PRATO EM MATERIAL PLASTICO";"39241000";"Loja 3 (CD)";"Loja 1 (Loja)";11,00;0,93;10,23;109,00;98,00;-11,00;0,00
"13550";"CC2323 CONJ. COM PRATO EM MATERIAL PLASTICO";"39241000";"Loja 3 (CD)";"Loja 1 (Loja)";24,00;0,93;22,32;110,00;86,00;-24,00;0,00
"13551";"CC2324 CONJ. COM PRATO EM MATERIAL PLASTICO";"39241000";"Loja 3 (CD)";"Loja 1 (Loja)";8,00;1,21;9,68;120,00;112,00;-8,00;0,00
"13552";"CC2325 CONJ. COM PRATO EM MATERIAL PLASTICO";"39241000";"Loja 3 (CD)";"Loja 1 (Loja)";2,00;1,21;2,42;114,00;112,00;-2,00;0,00
"13553";"CC2326 CONJ. COM PRATO EM MATERIAL PLASTICO";"39241000";"Loja 3 (CD)";"Loja 1 (Loja)";4,00;0,93;3,72;120,00;116,00;-4,00;0,00
"13554";"CC2327 CONJ. COM PRATO EM MATERIAL PLASTICO";"39241000";"Loja 3 (CD)";"Loja 1 (Loja)";3,00;1,20;3,60;104,00;101,00;-3,00;0,00
"13555";"CC2328 CONJ. COM PRATO EM MATERIAL PLASTICO";"39241000";"Loja 3 (CD)";"Loja 1 (Loja)";4,00;1,20;4,80;69,00;65,00;-4,00;0,00
"13557";"CC2329 CONJ. COM PRATO EM MATERIAL PLASTICO";"39241000";"Loja 3 (CD)";"Loja 1 (Loja)";12,00;1,21;14,52;96,00;84,00;-12,00;0,00
"13558";"CC2488 MARMITA INFANTIL DECORADA";"39241000";"Loja 3 (CD)";"Loja 1 (Loja)";34,00;1,53;52,02;80,00;46,00;-34,00;0,00
"13560";"CC2490 MARMITA INFANTIL DECORADA";"39241000";"Loja 2 (Depósito)";"Loja 1 (Loja)";38,00;1,86;70,68;469,00;431,00;-38,00;0,00
"13561";"CC2493 KIT MARMITA INFANTIL COM COPO";"39241000";"Loja 3 (CD)";"Loja 1 (Loja)";19,00;2,37;45,03;47,00;28,00;-19,00;0,00
"13568";"CC2333 ORGANIZADOR DE MESA";"39249000";"Loja 2 (Depósito)";"Loja 3 (CD)";3,00;4,99;14,97;81,00;78,00;-3,00;0,00
"13570";"CC1188 SUPORTE EM MATERIAL PLASTICO";"39249000";"Loja 3 (CD)";"Loja 1 (Loja)";5,00;4,99;24,95;120,00;115,00;-5,00;0,00
"13571";"CC1233 SUPORTE EM MATERIAL PLASTICO";"39249000";"Loja 2 (Depósito)";"Loja 1 (Loja)";15,00;7,50;112,50;800,00;785,00;-15,00;0,00
"13571";"CC1233 SUPORTE EM MATERIAL PLASTICO";"39249000";"Loja 2 (Depósito)";"Loja 3 (CD)";9,00;7,50;67,50;785,00;776,00;-9,00;0,00
"13575";"CC2500 MINI MOVEL DE PRATELEIRAS VAZADAS";"94037000";"Loja 3 (CD)";"Loja 1 (Loja)";8,00;3,28;26,24;66,00;58,00;-8,00;0,00
"13577";"SH2770 MINI MOVEL DE PRATELEIRAS VAZADAS";"94037000";"Loja 3 (CD)";"Loja 1 (Loja)";8,00;14,65;117,20;20,00;12,00;-8,00;0,00
"13578";"SH2771 MINI MOVEL DE PRATELEIRAS VAZADAS";"94037000";"Loja 3 (CD)";"Loja 1 (Loja)";6,00;40,45;242,70;15,00;9,00;-6,00;0,00
"13579";"SH2772 MINI MOVEL DE PRATELEIRAS VAZADAS";"94037000";"Loja 3 (CD)";"Loja 1 (Loja)";2,00;47,24;94,48;15,00;13,00;-2,00;0,00
"13580";"SH2773 MINI MOVEL DE PRATELEIRAS VAZADAS";"94037000";"Loja 3 (CD)";"Loja 1 (Loja)";8,00;30,41;243,28;15,00;7,00;-8,00;0,00
"13581";"SH2776 MINI MOVEL DE PRATELEIRAS VAZADAS";"94037000";"Loja 3 (CD)";"Loja 1 (Loja)";13,00;25,11;326,43;35,00;22,00;-13,00;0,00
"13582";"SH2777 MINI MOVEL DE PRATELEIRAS VAZADAS";"94037000";"Loja 3 (CD)";"Loja 1 (Loja)";21,00;7,81;164,01;40,00;19,00;-21,00;0,00
"13587";"HS2785 MINI MOVEL DE PRATELEIRAS VAZADAS";"94037000";"Loja 3 (CD)";"Loja 1 (Loja)";65,00;1,25;81,25;240,00;175,00;-65,00;0,00
"13590";"HS2787 MINI MOVEL DE PRATELEIRAS VAZADAS";"94037000";"Loja 3 (CD)";"Loja 1 (Loja)";47,00;2,93;137,71;150,00;103,00;-47,00;0,00
"13591";"HS2788 MINI MOVEL DE PRATELEIRAS VAZADAS";"94037000";"Loja 3 (CD)";"Loja 1 (Loja)";11,00;2,79;30,69;120,00;109,00;-11,00;0,00
"13595";"HS2792 MINI MOVEL DE PRATELEIRAS VAZADAS";"94037000";"Loja 3 (CD)";"Loja 1 (Loja)";40,00;3,91;156,40;150,00;110,00;-40,00;0,00
"13597";"HS2794 MINI MOVEL DE PRATELEIRAS VAZADAS";"94037000";"Loja 3 (CD)";"Loja 1 (Loja)";86,00;5,40;464,40;200,00;114,00;-86,00;0,00
"13598";"HS2795 MINI MOVEL DE PRATELEIRAS VAZADAS";"94037000";"Loja 3 (CD)";"Loja 1 (Loja)";72,00;5,02;361,44;200,00;128,00;-72,00;0,00
"13607";"SH2766 SUPORTE EM MATERIAL DE ACO";"73239400";"Loja 3 (CD)";"Loja 1 (Loja)";2,00;17,67;35,34;12,00;10,00;-2,00;0,00
"13609";"HS2781 SUPORTE EM MATERIAL DE ACO";"73239400";"Loja 3 (CD)";"Loja 1 (Loja)";24,00;2,56;61,44;72,00;48,00;-24,00;0,00
"13610";"HS2782 SUPORTE EM MATERIAL DE ACO";"73239400";"Loja 3 (CD)";"Loja 1 (Loja)";31,00;5,58;172,98;48,00;17,00;-31,00;0,00
"13611";"HS2783 SUPORTE EM MATERIAL DE ACO";"73239400";"Loja 3 (CD)";"Loja 1 (Loja)";16,00;5,58;89,28;48,00;32,00;-16,00;0,00
"13613";"SH2768 SUPORTE EM MATERIAL DE ACO";"73239400";"Loja 3 (CD)";"Loja 1 (Loja)";8,00;16,93;135,44;12,00;4,00;-8,00;0,00
"13616";"FL2437 MINI ABAJUR";"94052100";"Loja 3 (CD)";"Loja 1 (Loja)";28,00;7,07;197,96;80,00;52,00;-28,00;0,00
"13619";"FL2440 MINI ABAJUR";"94052100";"Loja 3 (CD)";"Loja 1 (Loja)";20,00;5,72;114,40;46,00;26,00;-20,00;0,00
"13623";"FL2445 MINI ABAJUR";"94052100";"Loja 3 (CD)";"Loja 1 (Loja)";1,00;3,56;3,56;40,00;39,00;-1,00;0,00
"13627";"CC2494 MARMITA  DECORADA";"39241000";"Loja 3 (CD)";"Loja 1 (Loja)";12,00;1,72;20,64;72,00;60,00;-12,00;0,00
"13660";"B801 - CROCS  EVA BB - B";"64029990";"Loja 3 (CD)";"Loja 1 (Loja)";41,00;75,91;3.112,31;116,00;75,00;-41,00;0,00
"13666";"LE-4943 CONJUNTO DE TALHERES EM CORES SORTIDOS (METAL)";"82152000";"Loja 1 (Loja)";"Loja 3 (CD)";12,00;2,39;28,68;42,00;30,00;-12,00;0,00
"13667";"LE-4945 CONJUNTO DE TALHERES EM CORES SORTIDOS (METAL)";"82152000";"Loja 1 (Loja)";"Loja 3 (CD)";36,00;2,52;90,72;587,00;551,00;-36,00;0,00
"13668";"LE-4946 CONJUNTO DE TALHERES EM CORES SORTIDOS COM LAÇO";"82152000";"Loja 1 (Loja)";"Loja 3 (CD)";20,00;2,69;53,80;50,00;30,00;-20,00;0,00
"13678";"M1978 - CROCS EVA - MASCULINO - C";"64029990";"Loja 3 (CD)";"Loja 1 (Loja)";67,00;105,84;7.091,28;795,00;728,00;-67,00;0,00
"13679";"W1978 -CROCS EVA - FEMININO/ MASCULINO - C";"64029990";"Loja 1 (Loja)";"Loja 3 (CD)";270,00;63,28;17.085,60;270,00;0,00;-312,00;-42,00
"13682";"W1986C  - CROCS PLATAFOEMA EVA  - FEMININO - C";"64029990";"Loja 3 (CD)";"Loja 1 (Loja)";1,00;13,25;13,25;1,00;0,00;-48,00;-47,00
"13710";"CC2321 CONJ. COM PRATO EM MATERIAL PLASTICO";"39241000";"Loja 3 (CD)";"Loja 1 (Loja)";21,00;0,93;19,53;120,00;99,00;-21,00;0,00
"13735";"SD1007 TAÇA DE VIDRO ÂMBAR";"70133700";"Loja 3 (CD)";"Loja 1 (Loja)";11,00;1,96;21,56;144,00;133,00;-11,00;0,00
"13742";"SD1073 COPO DE VIDRO USO DOMÉSTICO OURO 1500$";"70133700";"Loja 3 (CD)";"Loja 1 (Loja)";74,00;0,87;64,38;211,00;137,00;-74,00;0,00
"13754";"SD1015 COPO DE VIDRO USO DOMÉSTICO";"70133700";"Loja 1 (Loja)";"Loja 3 (CD)";24,00;1,73;41,52;386,00;362,00;-24,00;0,00
"13759";"SD1062  COPO DE VIDRO USO DOMÉSTICO";"70133700";"Loja 1 (Loja)";"Loja 3 (CD)";16,00;1,00;16,00;46,00;30,00;-16,00;0,00
"13780";"SD1030 MINI BOMBONIERE EM VIDRO TRANSPARENTE";"70134900";"Loja 1 (Loja)";"Loja 3 (CD)";139,00;2,37;329,43;502,00;363,00;-139,00;0,00
"13800";"SD1083  MINI BOMBONIERE EM VIDRO TRANSPARENTE";"70134900";"Loja 1 (Loja)";"Loja 3 (CD)";24,00;1,21;29,04;114,00;90,00;-24,00;0,00
"13801";"SD1126 COPO DE VIDRO USO DOMÉSTICO";"70133700";"Loja 3 (CD)";"Loja 1 (Loja)";24,00;1,12;26,88;24,00;0,00;-38,00;-14,00
"13803";"SD1130 KIT XÍCARA TRANSPARENTE COM PIRES";"70133700";"Loja 1 (Loja)";"Loja 3 (CD)";66,00;1,43;94,38;257,00;191,00;-66,00;0,00
"13804";"SD1131 KIT XÍCARA TRANSPARENTE COM PIRES";"70133700";"Loja 1 (Loja)";"Loja 3 (CD)";84,00;1,31;110,04;377,00;293,00;-84,00;0,00
"13815";"SD1017 GARRAFA DE VIDRO USO DOMÉSTICO";"70134900";"Loja 3 (CD)";"Loja 1 (Loja)";17,00;5,66;96,22;65,00;48,00;-17,00;0,00
"13817";"SD1019 GARRAFA DE VIDRO USO DOMÉSTICO";"70134900";"Loja 1 (Loja)";"Loja 3 (CD)";26,00;1,21;31,46;49,00;23,00;-26,00;0,00
"13818";"SD1020 GARRAFA DE VIDRO USO DOMÉSTICO";"70134900";"Loja 3 (CD)";"Loja 1 (Loja)";15,00;5,20;78,00;41,00;26,00;-15,00;0,00
"13821";"SD1023 MINI BOMBONIERE EM VIDRO";"70134900";"Loja 1 (Loja)";"Loja 3 (CD)";27,00;4,74;127,98;176,00;149,00;-27,00;0,00
"13822";"SD1024 MINI BOMBONIERE EM VIDRO TRANSPARENTE";"70134900";"Loja 1 (Loja)";"Loja 3 (CD)";80,00;2,48;198,40;244,00;164,00;-80,00;0,00
"13823";"SD1025 MINI BOMBONIERE EM VIDRO";"70134900";"Loja 1 (Loja)";"Loja 3 (CD)";35,00;1,21;42,35;64,00;29,00;-35,00;0,00
"13824";"SD1026 MINI BOMBONIERE EM VIDRO";"70134900";"Loja 1 (Loja)";"Loja 3 (CD)";48,00;2,30;110,40;141,00;93,00;-48,00;0,00
"13825";"SD1027 MINI BOMBONIERE EM VIDRO";"70134900";"Loja 1 (Loja)";"Loja 3 (CD)";32,00;8,20;262,40;128,00;96,00;-32,00;0,00
"13826";"SD1028 MINI BOMBONIERE EM VIDRO- TRANSPARENTE";"70134900";"Loja 1 (Loja)";"Loja 3 (CD)";96,00;1,04;99,84;335,00;239,00;-96,00;0,00
"13827";"SD1029 MINI BOMBONIERE EM VIDRO TRANSPARENTE";"70134900";"Loja 1 (Loja)";"Loja 3 (CD)";96,00;1,04;99,84;263,00;167,00;-96,00;0,00
"13828";"SD1032 MINI BOMBONIERE EM VIDRO TRANSPARENTE";"70134900";"Loja 1 (Loja)";"Loja 3 (CD)";71,00;2,37;168,27;320,00;249,00;-71,00;0,00
"13829";"SD1033 MINI BOMBONIERE EM VIDRO TRANSPARENTE";"70134900";"Loja 1 (Loja)";"Loja 3 (CD)";48,00;1,91;91,68;211,00;163,00;-48,00;0,00
"13842";"SD1041 MINI BOMBONIERE EM VIDRO";"70134900";"Loja 1 (Loja)";"Loja 3 (CD)";1,00;9,77;9,77;8,00;7,00;-1,00;0,00
"13849";"SD1046 KIT JARRA COM COPOS USO DOMÉSTICO - TRANSPARENTE";"70134900";"Loja 1 (Loja)";"Loja 3 (CD)";8,00;8,67;69,36;18,00;10,00;-8,00;0,00
"13861";"SD1072 MINI BOMBONIERE EM VIDRO";"70134900";"Loja 3 (CD)";"Loja 1 (Loja)";3,00;6,40;19,20;36,00;33,00;-3,00;0,00
"13862";"BOM-1646 ALICATE REBITADOR MANUAL";"82032010";"Loja 1 (Loja)";"Loja 3 (CD)";3,00;12,50;37,50;143,00;140,00;-3,00;0,00
"13865";"SD1078 MINI BOMBONIERE EM VIDRO";"70134900";"Loja 1 (Loja)";"Loja 3 (CD)";48,00;7,60;364,80;166,00;118,00;-48,00;0,00
"13868";"BOM-3911 CONJ DE CHAVES CATRACA SOQUETES 124PÇS";"82059000";"Loja 1 (Loja)";"Loja 3 (CD)";2,00;93,89;187,78;7,00;5,00;-2,00;0,00
"13875";"BOM-7109 LUVA DE SEGURANCA EM PVC 10 (5 DEDOS) POLEGADA";"40151900";"Loja 3 (CD)";"Loja 1 (Loja)";23,00;2,04;46,92;126,00;103,00;-23,00;0,00
"13877";"JSL-W302 NEBULIZADOR";"90192020";"Loja 3 (CD)";"Loja 1 (Loja)";3,00;1,00;3,00;560,00;557,00;-3,00;0,00
"13923";"600W YOYO E SCOOTER BRANCO 600W 110/220 48V 20AH GUAPO";"87116000";"Loja 3 (CD)";"Loja 1 (Loja)";6,00;1.008,00;6.048,00;6,00;0,00;-6,00;0,00
"13930";"800W YOYO SCOOTER PRETO  110/220 60V 20AH OUMA";"87116000";"Loja 3 (CD)";"Loja 1 (Loja)";1,00;1.008,00;1.008,00;1,00;0,00;-1,00;0,00
"13931";"1400 URSO DE PELÚCIA STITCH 55CM";"95030080";"Loja 1 (Loja)";"Loja 3 (CD)";1,00;5,36;5,36;709,00;708,00;-1,00;0,00
"13977";"BM-F1200 BOLSA DE VIAGEM COM ALCA PARA OMBRO";"42022220";"Loja 1 (Loja)";"Loja 3 (CD)";49,00;6,12;299,88;307,00;258,00;-49,00;0,00
"13979";"BM-F1202 BOLSA DE VIAGEM COM ALCA PARA OMBRO E BOLSO DUPLO";"42022220";"Loja 1 (Loja)";"Loja 3 (CD)";34,00;5,00;170,00;54,00;20,00;-34,00;0,00
"13981";"8483 CADERNO PARA COLORIR WIRE-O";"49030000";"Loja 3 (CD)";"Loja 1 (Loja)";220,00;0,92;202,40;1.963,00;1.743,00;-220,00;0,00
"14018";"OIH-2451 MINI MIXER ELETRONICO PORTATIL";"85098090";"Loja 1 (Loja)";"Loja 3 (CD)";40,00;1,25;50,00;1.160,00;1.120,00;-40,00;0,00
"14020";"2361-4 CUTE VIBES - LIVRO DE COLORIR";"49030000";"Loja 3 (CD)";"Loja 1 (Loja)";103,00;19,95;2.054,85;208,00;105,00;-103,00;0,00
"14032";"5125  PATRULHA CANINA - BRINCANDO COM LETRAS E NUMEROS";"49030000";"Loja 3 (CD)";"Loja 1 (Loja)";9,00;5,22;46,98;100,00;91,00;-9,00;0,00
"14034";"6702  MINHAS PRIMEIRAS PALAVRAS";"49030000";"Loja 3 (CD)";"Loja 1 (Loja)";2,00;11,87;23,74;40,00;38,00;-2,00;0,00
"14043";"OI-TO115 EXTENSAO COM 5 PORTAS";"85042100";"Loja 1 (Loja)";"Loja 3 (CD)";39,00;1,00;39,00;236,00;197,00;-39,00;0,00
"14048";"OIH-2960 BASE AJUSTAVEL COM RODAS 400MMX50MM";"73269090";"Loja 3 (CD)";"Loja 1 (Loja)";46,00;10,27;472,42;50,00;4,00;-46,00;0,00
"14052";"OIH-5910 MINI VIDEOGAME";"95045000";"Loja 3 (CD)";"Loja 1 (Loja)";66,00;8,80;580,80;66,00;0,00;-66,00;0,00
"14055";"OIH-5914 CONSOLE DE JOGOS PORTATIL";"95045000";"Loja 1 (Loja)";"Loja 3 (CD)";79,00;3,30;260,70;552,00;473,00;-79,00;0,00
"14056";"OIH-6100 MINI VENTILADOR PORTATIL:";"84145990";"Loja 3 (CD)";"Loja 1 (Loja)";18,00;2,40;43,20;18,00;0,00;-66,00;-48,00
"14066";"OIF-7100 CAPA PROVA DE AGUA";"39269090";"Loja 1 (Loja)";"Loja 3 (CD)";240,00;4,92;1.180,80;341,00;101,00;-240,00;0,00
"14069";"OIA-8203 MINI GRAMPEADOR:";"84729040";"Loja 1 (Loja)";"Loja 3 (CD)";79,00;1,05;82,95;408,00;329,00;-79,00;0,00
"14080";"CP801 - CAPIVARA  COM MELECA NO NARIZ PEQUENA 24CM";"95030031";"Loja 1 (Loja)";"Loja 3 (CD)";30,00;8,99;269,70;277,00;247,00;-30,00;0,00
"14084";"CP814- BOLSA PELUCIA CAPIVARA 28CM";"95030031";"Loja 3 (CD)";"Loja 1 (Loja)";9,00;8,93;80,37;10,00;1,00;-9,00;0,00
"14096";"BM-8696A FILTRO DE LINHA COM 5 TOMADAS + 3 USB CABO 2 METROS BIVOLT";"85363090";"Loja 1 (Loja)";"Loja 3 (CD)";40,00;6,30;252,00;179,00;139,00;-40,00;0,00
"14102";"BM-8704A ADAPTADOR PARA TOMADA - PINO TRIPLOLAR";"85366990";"Loja 1 (Loja)";"Loja 3 (CD)";20,00;5,73;114,60;152,00;132,00;-20,00;0,00
"14129";"OI-TO137 EXTENSAO 4 PORTAS COM 4 USB DE 2.1A";"85042100";"Loja 1 (Loja)";"Loja 3 (CD)";25,00;4,00;100,00;154,00;129,00;-25,00;0,00
"14134";"OI-TO143-EXTENSAO COM 5 TOMADAS E 4 ENTRADAS USB";"85042100";"Loja 1 (Loja)";"Loja 3 (CD)";20,00;1,00;20,00;261,00;241,00;-20,00;0,00
"14135";"OI-TO146 EXTENSAO 5 PORTAS COM 2 USB E TIPO C";"85042100";"Loja 1 (Loja)";"Loja 3 (CD)";92,00;3,53;324,76;192,00;100,00;-92,00;0,00
"14164";"OI-0294 - ORGANIZADOR DE PLASTICO";"39249000";"Loja 3 (CD)";"Loja 1 (Loja)";26,00;7,18;186,68;85,00;59,00;-26,00;0,00
"14170";"OI-0386 - ESCORREDOR DE LOUCA DE ACO INOX";"73239300";"Loja 3 (CD)";"Loja 1 (Loja)";9,00;22,75;204,75;15,00;6,00;-9,00;0,00
"14180";"OI-0003 - ORGANIZADOR DE METAL COMUM";"73239900";"Loja 3 (CD)";"Loja 1 (Loja)";18,00;20,69;372,42;30,00;12,00;-18,00;0,00
"14181";"OI-0121 - ORGANIZADOR PARA USO DOMESTICO";"73239900";"Loja 3 (CD)";"Loja 1 (Loja)";2,00;28,21;56,42;40,00;38,00;-2,00;0,00
"14193";"YY007 BRINQUEDO DE PELUCIA CAPIVARA CAMISA LOVE";"95030031";"Loja 3 (CD)";"Loja 1 (Loja)";3,00;2,50;7,50;9,00;6,00;-3,00;0,00
"14194";"YYY003-BRINQUEDO DE PELUCIA  CAPIVARA COM MOCHILA DE TARTARUGA";"95030031";"Loja 1 (Loja)";"Loja 3 (CD)";7,00;6,00;42,00;161,00;154,00;-7,00;0,00
"14195";"YYY006 - BRINQUEDO DE PELUCIA  CAPIVARA BOLSA TENIS GRANDE";"95030031";"Loja 1 (Loja)";"Loja 3 (CD)";21,00;6,00;126,00;207,00;186,00;-21,00;0,00
"14197";"BL-916-6 - APMA - MTX-002 - MINI MARCA TEXTO";"96082000";"Loja 3 (CD)";"Loja 1 (Loja)";5,00;1,60;8,00;24,00;19,00;-5,00;0,00
"14199";"BL-935 APMA - MTX-001 - MINI MARCA TEXTO";"96082000";"Loja 3 (CD)";"Loja 1 (Loja)";2,00;1,40;2,80;24,00;22,00;-2,00;0,00
"14201";"G1100 CANETA";"96082000";"Loja 3 (CD)";"Loja 1 (Loja)";9,00;1,50;13,50;18,00;9,00;-9,00;0,00
"14212";"QB-0652 MINI MARCA TEXTO KIT6";"96082000";"Loja 3 (CD)";"Loja 1 (Loja)";4,00;1,10;4,40;14,00;10,00;-4,00;0,00
"14217";"BOM-1142 CHAVE PHILIPS 20 CM";"82055900";"Loja 3 (CD)";"Loja 1 (Loja)";62,00;6,56;406,72;238,00;176,00;-62,00;0,00
"14223";"BOM-1323 FITA ADESIVA DE SINALIZACAO PVC";"39191020";"Loja 3 (CD)";"Loja 1 (Loja)";86,00;2,13;183,18;97,00;11,00;-86,00;0,00
"14245";"BOM-8808 BOMBA DE AR MANUAL";"84142000";"Loja 1 (Loja)";"Loja 3 (CD)";4,00;3,53;14,12;85,00;81,00;-4,00;0,00
"14248";"BOM-9719 SERRA TICO TICO 21V";"84672200";"Loja 1 (Loja)";"Loja 3 (CD)";3,00;40,94;122,82;6,00;3,00;-3,00;0,00
"14291";"GBD23025 BBRINCO DE METAL 12 CTL POR DUZIA";"71179000";"Loja 3 (CD)";"Loja 1 (Loja)";12,00;0,86;10,32;191,00;179,00;-12,00;0,00
"14299";"HPA17865 PULSEIRA DE METAL 12 CTL POR DUZIA";"71179000";"Loja 3 (CD)";"Loja 1 (Loja)";41,00;24,00;984,00;432,00;391,00;-41,00;0,00
"14310";"JPA16089 SALDO PULSEIRA DE METAL 12 CTL POR DUZIA";"71179000";"Loja 3 (CD)";"Loja 1 (Loja)";2,00;3,21;6,42;8,00;6,00;-2,00;0,00
"14315";"KPA13462 - SALDO PULSEIRA DE METAL 6 PCT 72 UND";"71179000";"Loja 3 (CD)";"Loja 1 (Loja)";6,00;0,60;3,60;6,00;0,00;-21,00;-15,00
"14316";"KPA18105 PULSEIRA DE METAL 12 CTL POR DUZIA";"71179000";"Loja 3 (CD)";"Loja 1 (Loja)";2,00;2,25;4,50;2,00;0,00;-4,00;-2,00
"14317";"KPA34302 PULSEIRA DE METAL 12 CTL POR DUZIA";"71179000";"Loja 3 (CD)";"Loja 1 (Loja)";2,00;1,93;3,86;2,00;0,00;-13,00;-11,00
"14324";"LPA64025 PULSEIRA DE METAL 12 PCS POR DUZIA";"71171900";"Loja 3 (CD)";"Loja 1 (Loja)";2,00;1,95;3,90;2,00;0,00;-16,00;-14,00
"14325";"LPA65035 SALDO PULSEIRA DE METAL 12 PCS POR DUZIA";"71171900";"Loja 3 (CD)";"Loja 1 (Loja)";7,00;2,65;18,55;48,00;41,00;-7,00;0,00
"14345";"SD1091 JARRO DE FLORES R$2300";"70134900";"Loja 1 (Loja)";"Loja 3 (CD)";23,00;8,67;199,41;47,00;24,00;-23,00;0,00
"14347";"KD-15TC REGUAS DO STITCH";"39264000";"Loja 3 (CD)";"Loja 1 (Loja)";59,00;0,65;38,35;60,00;1,00;-59,00;0,00
"14348";"SD1006 TAÇA DE SOBREMESA BRANCA";"70133700";"Loja 3 (CD)";"Loja 1 (Loja)";23,00;2,14;49,22;144,00;121,00;-23,00;0,00
"14358";"LE-0201C  FONE DE OUVIDO INTRA-AURICULAR:";"85183000";"Loja 3 (CD)";"Loja 1 (Loja)";93,00;11,00;1.023,00;93,00;0,00;-1.758,00;-1.665,00
"14364";"SD1034  MINI BOMBONIERE EM VIDRO ÂMBAR";"70134900";"Loja 1 (Loja)";"Loja 3 (CD)";4,00;4,33;17,32;46,00;42,00;-4,00;0,00
"14368";"SD1024 MINI BOMBONIERE EM VIDRO AMBAR";"70134900";"Loja 1 (Loja)";"Loja 3 (CD)";36,00;2,48;89,28;100,00;64,00;-36,00;0,00
"14370";"LE-110V CABO DE DADOS USB PARA MICRO";"85444200";"Loja 1 (Loja)";"Loja 3 (CD)";147,00;0,66;97,02;147,00;0,00;-160,00;-13,00
"14372";"SD1022 MINI BOMBONIERE EM VIDRO COR";"70134900";"Loja 1 (Loja)";"Loja 3 (CD)";24,00;2,43;58,32;195,00;171,00;-24,00;0,00
"14380";"NF279 S9055 - ARTIGO P/ORNAMENTACAO EM MATERIAL PLASTICO";"39264000";"Loja 1 (Loja)";"Loja 3 (CD)";56,00;0,65;36,40;939,00;883,00;-56,00;0,00
"14386";"LE-841P CABO DE DADOS MICRO USB /IP";"85444200";"Loja 3 (CD)";"Loja 1 (Loja)";6,00;1,23;7,38;50,00;44,00;-6,00;0,00
"14392";"LE-883V CABO USN=B P/ MICRO-USB";"85444200";"Loja 3 (CD)";"Loja 1 (Loja)";100,00;1,12;112,00;100,00;0,00;-176,00;-76,00
"14394";"LE-258FP CARREGADOR PARA CELULAR";"85044010";"Loja 3 (CD)";"Loja 1 (Loja)";31,00;2,27;70,37;31,00;0,00;-40,00;-9,00
"14395";"LE-291FC CARREGADOR PARA CELULAR";"85044010";"Loja 3 (CD)";"Loja 1 (Loja)";1,00;1,74;1,74;1,00;0,00;-105,00;-104,00
"14396";"MAX-0541 CARREGADOR PORTATIL (POWER BANK)";"85076000";"Loja 3 (CD)";"Loja 1 (Loja)";71,00;6,39;453,69;243,00;172,00;-71,00;0,00
"14404";"MAX-0543 CARREGADOR PORTATIL POWER BANK MINI 5000MAH";"85076000";"Loja 1 (Loja)";"Loja 3 (CD)";26,00;4,04;105,04;88,00;62,00;-26,00;0,00
"14412";"JL1415 - PLACA EM MATERIAL PLASTICO AUTO ADESIVO";"39249000";"Loja 3 (CD)";"Loja 1 (Loja)";30,00;1,03;30,90;30,00;0,00;-39,00;-9,00
"14415";"SD1011 COPO DE VIDRO  RAINBOW";"70133700";"Loja 1 (Loja)";"Loja 3 (CD)";48,00;0,87;41,76;548,00;500,00;-48,00;0,00
"14421";"JL1416 - PLACA EM MATERIAL PLASTICO AUTO ADESIVO";"39249000";"Loja 3 (CD)";"Loja 1 (Loja)";4,00;1,14;4,56;10,00;6,00;-4,00;0,00
"14422";"JL1432 - PLACA EM MATERIAL PLASTICO AUTO ADESIVO";"39241000";"Loja 3 (CD)";"Loja 1 (Loja)";12,00;2,18;26,16;12,00;0,00;-28,00;-16,00
"14433";"MS1835 -PORTA JOIAS EM MATERIAL PLASTICO";"42029200";"Loja 3 (CD)";"Loja 2 (Depósito)";120,00;1,00;120,00;281,00;161,00;-120,00;0,00
"14443";"TP8058 - TAPETE EM MATERIAL PLASTICO";"39269090";"Loja 1 (Loja)";"Loja 3 (CD)";50,00;10,03;501,50;57,00;7,00;-50,00;0,00
"14470";"TP8013 - TAPETE EM MATERIAL PLASTICO";"39249000";"Loja 1 (Loja)";"Loja 3 (CD)";48,00;0,18;8,64;239,00;191,00;-48,00;0,00
"14471";"TP8006 - TAPETE EM MATERIAL PLASTICO";"39249000";"Loja 1 (Loja)";"Loja 3 (CD)";222,00;0,04;8,88;1.505,00;1.283,00;-222,00;0,00
"14472";"TP8015 - TAPETE EM MATERIAL PLASTICO";"39269090";"Loja 1 (Loja)";"Loja 3 (CD)";9,00;4,43;39,87;9,00;0,00;-38,00;-29,00
"14474";"TP8049 - TAPETE EM MATERIAL PLASTICO";"39269090";"Loja 1 (Loja)";"Loja 3 (CD)";95,00;1,25;118,75;923,00;828,00;-95,00;0,00
"14476";"TP8012 - TAPETE EM MATERIAL PLASTICO";"39269090";"Loja 1 (Loja)";"Loja 3 (CD)";6,00;1,00;6,00;83,00;77,00;-6,00;0,00
"14480";"TP8051";"39269090";"Loja 3 (CD)";"Loja 1 (Loja)";56,00;5,95;333,20;105,00;49,00;-56,00;0,00
"14481";"SD1002 TAÇA  DE VIDRO FIO DE OURO";"70133700";"Loja 3 (CD)";"Loja 1 (Loja)";60,00;9,50;570,00;384,00;324,00;-60,00;0,00
"14483";"TP8017 - TAPETE EM MATERIAL PLASTICO";"39269090";"Loja 1 (Loja)";"Loja 3 (CD)";220,00;2,94;646,80;220,00;0,00;-220,00;0,00
"14505";"SD1031 MINI BOMBONIERE EM VIDRO AMBAR";"70134900";"Loja 1 (Loja)";"Loja 3 (CD)";36,00;4,30;154,80;124,00;88,00;-36,00;0,00
"14544";"LN1571-1 - CAIXA ORGANIZADOR MULTIUSO";"39241000";"Loja 3 (CD)";"Loja 1 (Loja)";50,00;0,82;41,00;50,00;0,00;-134,00;-84,00
"14548";"AJ1364 - CAIXA ORGANIZADOR MULTIUSO";"39241000";"Loja 1 (Loja)";"Loja 3 (CD)";5,00;1,28;6,40;66,00;61,00;-5,00;0,00
"14558";"NT2456 - LIXEIRA EM MATERIAL PLASTICO";"39241000";"Loja 3 (CD)";"Loja 1 (Loja)";16,00;4,36;69,76;16,00;0,00;-30,00;-14,00
"14562";"LN1574 - CAIXA ORGANIZADOR MULTIUSO";"39241000";"Loja 1 (Loja)";"Loja 3 (CD)";14,00;3,70;51,80;40,00;26,00;-14,00;0,00
"14566";"LN1573 - CAIXA ORGANIZADOR MULTIUSO";"39241000";"Loja 1 (Loja)";"Loja 3 (CD)";10,00;1,82;18,20;67,00;57,00;-10,00;0,00
"14569";"SD1046 GARRAFA DE VIDRO USO DOMÉSTICO AMBA 6400";"70134900";"Loja 1 (Loja)";"Loja 3 (CD)";24,00;1,21;29,04;88,00;64,00;-24,00;0,00
"14621";"NT2458-2 -  POTE DE VIDRO P/COZINHA GRANDE";"39249000";"Loja 3 (CD)";"Loja 1 (Loja)";3,00;4,81;14,43;3,00;0,00;-25,00;-22,00
"14637";"SD1004 TAÇA  DE VIDRO RAINBOW";"70133700";"Loja 3 (CD)";"Loja 1 (Loja)";38,00;0,90;34,20;128,00;90,00;-38,00;0,00
"14638";"F15-GRA PRESILHA";"96151900";"Loja 3 (CD)";"Loja 1 (Loja)";2,00;3,53;7,06;2,00;0,00;-5,00;-3,00
"14641";"SD1073 COPO DE VIDRO USO DOMÉSTICO  1000$";"70133700";"Loja 3 (CD)";"Loja 1 (Loja)";394,00;5,90;2.324,60;394,00;0,00;-1.097,00;-703,00
"14650";"F14-04 ADESSIVO PARA UNHA";"49089000";"Loja 3 (CD)";"Loja 1 (Loja)";16,00;1,16;18,56;37,00;21,00;-16,00;0,00
"14668";"F14-02 PANDORA  INFANTIL";"71179000";"Loja 3 (CD)";"Loja 1 (Loja)";9,00;0,60;5,40;9,00;0,00;-20,00;-11,00
"14670";"E12-01 ANEL";"71179000";"Loja 3 (CD)";"Loja 1 (Loja)";14,00;9,60;134,40;14,00;0,00;-167,00;-153,00
"14680";"F12-01 PULSEIRA";"71179000";"Loja 3 (CD)";"Loja 1 (Loja)";4,00;1,79;7,16;4,00;0,00;-16,00;-12,00
"14682";"HQ2702 - BRINCOS";"71179000";"Loja 3 (CD)";"Loja 1 (Loja)";1,00;0,26;0,26;1,00;0,00;-23,00;-22,00
"14684";"JC1402 - CILIOS";"49089000";"Loja 3 (CD)";"Loja 1 (Loja)";1,00;1,22;1,22;1,00;0,00;-6,00;-5,00
"14685";"JC604 - CILIOS";"67049000";"Loja 3 (CD)";"Loja 1 (Loja)";2,00;0,33;0,66;2,00;0,00;-4,00;-2,00
"14687";"E09-13 CILIOS";"67049000";"Loja 3 (CD)";"Loja 1 (Loja)";2,00;0,93;1,86;2,00;0,00;-5,00;-3,00
"14688";"MJ2203 - BRINCOS";"71179000";"Loja 3 (CD)";"Loja 1 (Loja)";9,00;0,60;5,40;9,00;0,00;-35,00;-26,00
"14690";"JC1404 - CILIOS";"67049000";"Loja 3 (CD)";"Loja 1 (Loja)";4,00;1,21;4,84;4,00;0,00;-21,00;-17,00
"14691";"SD13513 PLACA EM MATERIAL PLASTICO AUTO ADESIVO";"42029200";"Loja 3 (CD)";"Loja 1 (Loja)";161,00;0,09;14,49;200,00;39,00;-161,00;0,00
"14693";"F14-03 GRAMPO";"96151100";"Loja 3 (CD)";"Loja 1 (Loja)";10,00;0,56;5,60;10,00;0,00;-36,00;-26,00
"14698";"F25-9 KIT VIAGEM";"39233090";"Loja 3 (CD)";"Loja 1 (Loja)";1,00;2,79;2,79;1,00;0,00;-11,00;-10,00
"14699";"F24-01 - PIRANHA";"96151900";"Loja 3 (CD)";"Loja 1 (Loja)";4,00;0,28;1,12;4,00;0,00;-7,00;-3,00
"14701";"BJ2105 - BRINCO";"71179000";"Loja 3 (CD)";"Loja 1 (Loja)";10,00;0,10;1,00;10,00;0,00;-42,00;-32,00
"14703";"F27-03 -COLAR";"71179000";"Loja 3 (CD)";"Loja 1 (Loja)";12,00;0,60;7,20;12,00;0,00;-48,00;-36,00
"14704";"F25-7 KIT VIAGEM";"39233090";"Loja 3 (CD)";"Loja 1 (Loja)";1,00;2,59;2,59;1,00;0,00;-4,00;-3,00
"14706";"F13-BRINCO";"71179000";"Loja 3 (CD)";"Loja 1 (Loja)";2,00;0,70;1,40;2,00;0,00;-9,00;-7,00
"14709";"E1302 - PIRANHA";"96151900";"Loja 3 (CD)";"Loja 1 (Loja)";15,00;1,05;15,75;15,00;0,00;-126,00;-111,00
"14710";"F13-02 PRESILHA";"96151900";"Loja 3 (CD)";"Loja 1 (Loja)";36,00;1,86;66,96;36,00;0,00;-94,00;-58,00
"14715";"E12-07 GRAMPO";"96151100";"Loja 3 (CD)";"Loja 1 (Loja)";13,00;1,02;13,26;20,00;7,00;-13,00;0,00
"14719";"E14-09 BRINCO";"71179000";"Loja 3 (CD)";"Loja 1 (Loja)";20,00;0,60;12,00;20,00;0,00;-86,00;-66,00
"14720";"F1406 - PRESILHA";"96151900";"Loja 3 (CD)";"Loja 1 (Loja)";8,00;2,40;19,20;8,00;0,00;-9,00;-1,00
"14721";"F1302 - BRINCO";"71179000";"Loja 3 (CD)";"Loja 1 (Loja)";1,00;0,46;0,46;1,00;0,00;-7,00;-6,00
"14723";"F1408 - GRAMPO";"96151100";"Loja 3 (CD)";"Loja 1 (Loja)";3,00;4,13;12,39;34,00;31,00;-3,00;0,00
"14724";"F0301 - BRINCO";"71179000";"Loja 3 (CD)";"Loja 1 (Loja)";2,00;0,46;0,92;2,00;0,00;-10,00;-8,00
"14725";"F1303 - PIRANHA";"96151900";"Loja 3 (CD)";"Loja 1 (Loja)";4,00;0,98;3,92;4,00;0,00;-5,00;-1,00
"14727";"F2201 - BRINCO";"71179000";"Loja 3 (CD)";"Loja 1 (Loja)";10,00;0,60;6,00;10,00;0,00;-53,00;-43,00
"14736";"E04-08 - ARGOLA";"71179000";"Loja 3 (CD)";"Loja 1 (Loja)";1,00;0,60;0,60;1,00;0,00;-26,00;-25,00
"14739";"F16509 - BRINCO  9";"71179000";"Loja 3 (CD)";"Loja 1 (Loja)";1,00;0,60;0,60;1,00;0,00;-39,00;-38,00
"14753";"F19-10 - ANEL";"71179000";"Loja 3 (CD)";"Loja 1 (Loja)";54,00;0,60;32,40;224,00;170,00;-54,00;0,00
"14762";"F16-03 - BICO DE PATO";"96151100";"Loja 3 (CD)";"Loja 1 (Loja)";1,00;3,07;3,07;2,00;1,00;-1,00;0,00
"14784";"F22-06 - BRINCO";"71179000";"Loja 3 (CD)";"Loja 1 (Loja)";3,00;1,16;3,48;3,00;0,00;-59,00;-56,00
"14787";"F19-03 - BRINCO";"71179000";"Loja 3 (CD)";"Loja 1 (Loja)";10,00;0,60;6,00;10,00;0,00;-45,00;-35,00
"14790";"F20-98 - COLAR";"71179000";"Loja 3 (CD)";"Loja 1 (Loja)";4,00;0,60;2,40;4,00;0,00;-5,00;-1,00
"14792";"F24-09 - PULSEIRA";"71179000";"Loja 3 (CD)";"Loja 1 (Loja)";1,00;1,04;1,04;1,00;0,00;-6,00;-5,00
"14793";"F13-296 - PULSEIRA";"71179000";"Loja 3 (CD)";"Loja 1 (Loja)";1,00;1,86;1,86;1,00;0,00;-11,00;-10,00
"14797";"F11-09 - BRINCO";"71179000";"Loja 3 (CD)";"Loja 1 (Loja)";9,00;1,32;11,88;9,00;0,00;-82,00;-73,00
"14798";"E12-09 - ANEL36";"71179000";"Loja 3 (CD)";"Loja 1 (Loja)";7,00;0,39;2,73;7,00;0,00;-38,00;-31,00
"14807";"D19-01 - COLAR";"71179000";"Loja 3 (CD)";"Loja 1 (Loja)";2,00;0,46;0,92;2,00;0,00;-8,00;-6,00
"14808";"F19-203 - PULSEIRA  3";"71179000";"Loja 3 (CD)";"Loja 1 (Loja)";2,00;0,50;1,00;2,00;0,00;-23,00;-21,00
"14809";"F19-03 - COLAR";"71179000";"Loja 3 (CD)";"Loja 1 (Loja)";8,00;0,60;4,80;8,00;0,00;-47,00;-39,00
"14810";"F19-11 - BRINCO";"71179000";"Loja 3 (CD)";"Loja 1 (Loja)";13,00;0,60;7,80;13,00;0,00;-22,00;-9,00
"14811";"F16-03 - ANEL";"71179000";"Loja 3 (CD)";"Loja 1 (Loja)";2,00;0,60;1,20;2,00;0,00;-19,00;-17,00
"14812";"F16-08 - ANEL";"71179000";"Loja 3 (CD)";"Loja 1 (Loja)";2,00;6,53;13,06;2,00;0,00;-35,00;-33,00
"14813";"F19-107 - COLAR";"71179000";"Loja 3 (CD)";"Loja 1 (Loja)";2,00;3,25;6,50;2,00;0,00;-3,00;-1,00
"14815";"F22-02 - BRINCO";"71179000";"Loja 3 (CD)";"Loja 1 (Loja)";12,00;9,12;109,44;14,00;2,00;-12,00;0,00
"14817";"F16-02 - ANEL";"71179000";"Loja 3 (CD)";"Loja 1 (Loja)";2,00;0,54;1,08;2,00;0,00;-19,00;-17,00
"14819";"F16-03 - ANEL";"71179000";"Loja 3 (CD)";"Loja 1 (Loja)";2,00;0,60;1,20;2,00;0,00;-34,00;-32,00
"14820";"F23-06 - CINTO";"71179000";"Loja 3 (CD)";"Loja 1 (Loja)";14,00;0,60;8,40;14,00;0,00;-88,00;-74,00
"14821";"F23-11 - CINTO";"71179000";"Loja 3 (CD)";"Loja 1 (Loja)";6,00;1,16;6,96;6,00;0,00;-49,00;-43,00
"14823";"F19-04 - CINTO";"71179000";"Loja 3 (CD)";"Loja 1 (Loja)";2,00;0,77;1,54;2,00;0,00;-4,00;-2,00
"14825";"F19-07 - CINTO";"71179000";"Loja 3 (CD)";"Loja 1 (Loja)";4,00;0,86;3,44;4,00;0,00;-40,00;-36,00
"14826";"F19-20 - CINTO";"71179000";"Loja 3 (CD)";"Loja 1 (Loja)";6,00;0,60;3,60;31,00;25,00;-6,00;0,00
"14827";"F27-01 - BRNCO";"71179000";"Loja 3 (CD)";"Loja 1 (Loja)";2,00;0,60;1,20;2,00;0,00;-16,00;-14,00
"14900";"KK-20428 BOLSA FEMININA";"42022210";"Loja 3 (CD)";"Loja 1 (Loja)";14,00;29,80;417,20;20,00;6,00;-14,00;0,00
"14926";"CRB-3080 - BOLSA KIT FEMININA";"42022210";"Loja 3 (CD)";"Loja 1 (Loja)";16,00;4,60;73,60;60,00;44,00;-16,00;0,00
"14941";"2345/ 978 LIVRO PARA COLORIR CUTE CUTE";"49030000";"Loja 3 (CD)";"Loja 1 (Loja)";96,00;7,00;672,00;1.042,00;946,00;-96,00;0,00
"14949";"YK-20195 BOLSA FEMININA";"42022210";"Loja 3 (CD)";"Loja 1 (Loja)";13,00;25,80;335,40;20,00;7,00;-13,00;0,00
"14986";"OI-0107 - PORTA CONDIMENTOS DE ACO INOX PARA COZINHA - COM 16 PEÇAS";"73239300";"Loja 1 (Loja)";"Loja 3 (CD)";9,00;36,96;332,64;11,00;2,00;-9,00;0,00
"14988";"OI-0109 - CONJUNTO 16 PECAS DE PORTA CONDIMENTOS DE ACO INOX PARA COZINHA";"73239300";"Loja 3 (CD)";"Loja 1 (Loja)";17,00;53,29;905,93;17,00;0,00;-31,00;-14,00
"14999";"CR-2041 G BOLSA KIT FEMININA";"42022210";"Loja 3 (CD)";"Loja 1 (Loja)";13,00;4,50;58,50;36,00;23,00;-13,00;0,00
"15001";"CR-2041 M BOLSA KIT FEMININA";"42022210";"Loja 3 (CD)";"Loja 1 (Loja)";17,00;2,50;42,50;36,00;19,00;-17,00;0,00
"15002";"CR-2041 P BOLSA KIT FEMININA";"42022210";"Loja 3 (CD)";"Loja 1 (Loja)";13,00;1,50;19,50;36,00;23,00;-13,00;0,00
"15004";"OI-0320 - LIMPADOR DE VIDROS MAGNETICO";"96039000";"Loja 1 (Loja)";"Loja 3 (CD)";9,00;5,44;48,96;180,00;171,00;-9,00;0,00
"15040";"634 - LIVRO BOBBIE GOODS";"49019900";"Loja 3 (CD)";"Loja 1 (Loja)";352,00;4,00;1.408,00;554,00;202,00;-352,00;0,00
"15044";"ST-256 MINI SANDUICHEIRA";"85167990";"Loja 1 (Loja)";"Loja 3 (CD)";11,00;32,92;362,12;21,00;10,00;-11,00;0,00
"15048";"ST-307 - ASPIRADOR DE PO INTELIGENTE PORTATIL";"85081100";"Loja 3 (CD)";"Loja 1 (Loja)";8,00;26,98;215,84;12,00;4,00;-8,00;0,00
"15052";"ST-816 - LIXEIRA AUTOMATICA COM SENSOR DE APROXIMACAO";"85098090";"Loja 3 (CD)";"Loja 1 (Loja)";5,00;63,00;315,00;115,00;110,00;-5,00;0,00
"15063";"D-F002DO FIGURA CORACAO DO 70MM";"69139000";"Loja 3 (CD)";"Loja 1 (Loja)";15,00;1,46;21,90;74,00;59,00;-15,00;0,00
"15065";"BOM-1001 MARTELO UNHA MANUAL";"82052000";"Loja 1 (Loja)";"Loja 3 (CD)";95,00;1,00;95,00;141,00;46,00;-95,00;0,00
"15066";"D-F031BR FIGURA PASSARO BR 120MM";"69139000";"Loja 3 (CD)";"Loja 1 (Loja)";11,00;1,56;17,16;42,00;31,00;-11,00;0,00
"15067";"D-F031DO FIGURA PASSARO DO 120MM";"69139000";"Loja 3 (CD)";"Loja 1 (Loja)";5,00;1,66;8,30;40,00;35,00;-5,00;0,00
"15068";"D-P001DO FIGURA AMOR DO 110MM";"69139000";"Loja 3 (CD)";"Loja 1 (Loja)";9,00;1,46;13,14;22,00;13,00;-9,00;0,00
"15080";"001-48 MARCA TEXTO 48 UN";"65050032";"Loja 3 (CD)";"Loja 1 (Loja)";106,00;17,25;1.828,50;588,00;482,00;-106,00;0,00
"15081";"001-80 MARCA TEXTO 80 UN";"65050032";"Loja 3 (CD)";"Loja 1 (Loja)";66,00;28,80;1.900,80;144,00;78,00;-66,00;0,00
"15084";"OI-0065 - DISPENSER DE VIDRO SODO CALCICO";"70134900";"Loja 3 (CD)";"Loja 1 (Loja)";7,00;8,00;56,00;140,00;133,00;-7,00;0,00
"15088";"OI-0225 - SUPORTE DE METAL COMUM PARA COZINHA";"73239900";"Loja 3 (CD)";"Loja 1 (Loja)";14,00;0,70;9,80;14,00;0,00;-127,00;-113,00
"15089";"OI-0431 - CABIDE DE METAL COM MADEIRA COMUM PARA USO DOMESTICO";"73239900";"Loja 1 (Loja)";"Loja 3 (CD)";99,00;1,99;197,01;300,00;201,00;-99,00;0,00
"15101";"D19-03 COLAR";"71179000";"Loja 3 (CD)";"Loja 1 (Loja)";2,00;1,12;2,24;2,00;0,00;-8,00;-6,00
"15107";"001 - 60 MARCA TEXTO COM 60 PEÇAS 002";"96082000";"Loja 3 (CD)";"Loja 1 (Loja)";103,00;3,23;332,69;220,00;117,00;-103,00;0,00
"15114";"D033 - CILIO";"67049000";"Loja 3 (CD)";"Loja 1 (Loja)";2,00;0,65;1,30;2,00;0,00;-11,00;-9,00
"15129";"KA-835 FONE DE OUVIDO COM FIO";"85183000";"Loja 1 (Loja)";"Loja 3 (CD)";200,00;1,50;300,00;1.079,00;879,00;-200,00;0,00
"15134";"KAP-1182 CAMPANHIA SEM FIO";"85183000";"Loja 1 (Loja)";"Loja 3 (CD)";2,00;2,95;5,90;41,00;39,00;-2,00;0,00
"15252";"8801 - BOLSA ESPORTIVA";"42029200";"Loja 3 (CD)";"Loja 1 (Loja)";5,00;4,65;23,25;5,00;0,00;-15,00;-10,00
"15273";"MY-7405 220V SECADOR CX-32";"85163100";"Loja 3 (CD)";"Loja 1 (Loja)";7,00;11,23;78,61;64,00;57,00;-7,00;0,00
"15337";"F19-6824 CINTO";"71179000";"Loja 3 (CD)";"Loja 1 (Loja)";6,00;2,79;16,74;6,00;0,00;-252,00;-246,00
"15338";"S-003 CÂMERA DE MONITORAMENTO";"85258929";"Loja 3 (CD)";"Loja 1 (Loja)";28,00;15,60;436,80;28,00;0,00;-175,00;-147,00
"15349";"E041902102 ARGOLA";"71179000";"Loja 3 (CD)";"Loja 1 (Loja)";3,00;0,60;1,80;180,00;177,00;-3,00;0,00
"15352";"F22-010873 PIRANHA";"71179000";"Loja 3 (CD)";"Loja 1 (Loja)";18,00;0,60;10,80;18,00;0,00;-142,00;-124,00
"15355";"BM-F1199 POTE PEQUENO TRANSPARENTE";"39233090";"Loja 3 (CD)";"Loja 1 (Loja)";48,00;2,25;108,00;75,00;27,00;-48,00;0,00
"15356";"BM-F1199 POTE MINI TRANSPARENTE";"39233090";"Loja 3 (CD)";"Loja 1 (Loja)";1,00;2,25;2,25;1,00;0,00;-3,00;-2,00
"15357";"OIH-5302 MASSAGEADOR MUSCULAR ELETRICO BATERIA CARREGAVEL 5V";"90191000";"Loja 1 (Loja)";"Loja 3 (CD)";25,00;9,65;241,25;60,00;35,00;-25,00;0,00
"15359";"OIH-6324 RELOGIO DE MESA A PILHA (NÃO INCLUSA)";"91039000";"Loja 3 (CD)";"Loja 1 (Loja)";28,00;5,08;142,24;30,00;2,00;-28,00;0,00
"15360";"OIH-6327 RELOGIO DE MESA A PILHA(NAO INCLUSA)";"91039000";"Loja 3 (CD)";"Loja 1 (Loja)";41,00;3,44;141,04;92,00;51,00;-41,00;0,00
"15361";"OIH-6323 RELOGIO DE MESA A PILHA (NAO INCLUSA)";"91039000";"Loja 3 (CD)";"Loja 1 (Loja)";23,00;5,77;132,71;30,00;7,00;-23,00;0,00
"15363";"OIH-6007 MINI VENTILADOR PORTATIL POTENCIA 65W (ACOMPANHA O CARREGADOR)";"84145990";"Loja 1 (Loja)";"Loja 3 (CD)";11,00;1,53;16,83;32,00;21,00;-11,00;0,00
"15366";"OIH-6008 MINI VENTILADOR PORTATIL TM.153*40*78";"84145990";"Loja 3 (CD)";"Loja 1 (Loja)";8,00;7,44;59,52;20,00;12,00;-8,00;0,00
"15371";"OIH-4354 CARRINHO MANUAL DOBRAVEL DE ALUMINIO E AÇO INOXIDAVEL 75KG";"87168000";"Loja 3 (CD)";"Loja 1 (Loja)";2,00;55,96;111,92;4,00;2,00;-2,00;0,00
"15375";"824 - 80  KIT 80 CANETAS PONTA DUPLA MARCADORAS";"96082000";"Loja 3 (CD)";"Loja 1 (Loja)";72,00;1,80;129,60;120,00;48,00;-72,00;0,00
"15377";"824 - 36 KIT 36 CANETAS PONTA DUPLA MARCADORAS";"96082000";"Loja 3 (CD)";"Loja 1 (Loja)";128,00;1,80;230,40;252,00;124,00;-128,00;0,00
"15380";"W506- CROCS  EVA INF - B";"64029990";"Loja 3 (CD)";"Loja 1 (Loja)";20,00;13,25;265,00;20,00;0,00;-43,00;-23,00
"15381";"W504  - CROCS  EVA INF - B";"64029990";"Loja 3 (CD)";"Loja 1 (Loja)";3,00;17,60;52,80;20,00;17,00;-3,00;0,00
"15407";"talheres ZY72-060";"82159100";"Loja 1 (Loja)";"Loja 3 (CD)";1,00;2,70;2,70;304,00;303,00;-1,00;0,00
"15414";"BOM-2802 ESCADA ALUMINO EXTENSIVA TELESCOPICA 3.8M 150KG";"76169900";"Loja 1 (Loja)";"Loja 3 (CD)";1,00;135,14;135,14;2,00;1,00;-1,00;0,00
"15417";"BOM-6510 TRENA DE FITA COM TRAVA 20M";"90178010";"Loja 3 (CD)";"Loja 1 (Loja)";12,00;2,74;32,88;12,00;0,00;-14,00;-2,00
"15419";"BOM-7341 ROLO DE LA PARA PINTURA 18CM";"96034010";"Loja 3 (CD)";"Loja 1 (Loja)";8,00;1,39;11,12;100,00;92,00;-8,00;0,00
"15430";"BOM-5203 CONJ COM 5 EXTRATORES DE PARAFUSO";"82055900";"Loja 3 (CD)";"Loja 1 (Loja)";21,00;2,28;47,88;21,00;0,00;-27,00;-6,00
"15431";"BOM-2132 DUCHA HIGIENICA (BIDE) DE ACO INOX - TAMANHO: 120CM BOM-2171";"84818019";"Loja 1 (Loja)";"Loja 3 (CD)";4,00;2,13;8,52;379,00;375,00;-4,00;0,00
"15433";"BOM-9108 ROCADEIRA/APARADOR DE GRAMA - COM RODINHA";"84331100";"Loja 3 (CD)";"Loja 1 (Loja)";3,00;42,42;127,26;7,00;4,00;-3,00;0,00
"15438";"GX80-A8703 -G  - BOLSINHA DE FESTA FEMININA DE ALUMINIO";"42022900";"Loja 3 (CD)";"Loja 1 (Loja)";5,00;26,26;131,30;5,00;0,00;-16,00;-11,00
"15439";"GX80-A8703 -M  - BOLSINHA DE FESTA FEMININA DE ALUMINIO";"42022900";"Loja 3 (CD)";"Loja 1 (Loja)";2,00;14,93;29,86;20,00;18,00;-2,00;0,00
"15441";"KAP-3 - CONTROLADOR DE JOGOS ELETRONICOS JOYSTICK DIRECIONAIS ANALOGICOS";"95045000";"Loja 3 (CD)";"Loja 1 (Loja)";1,00;8,57;8,57;40,00;39,00;-1,00;0,00
"15450";"KAP-360-G - CONTROLADOR DE JOGOS ELETRONICOS JOYSTICK DIRECIONAIS ANALOGICOS";"95045000";"Loja 3 (CD)";"Loja 1 (Loja)";4,00;5,46;21,84;30,00;26,00;-4,00;0,00
"15452";"OIH-6001 MINI VENTILADOR DE PESCOCO:";"84145990";"Loja 1 (Loja)";"Loja 3 (CD)";28,00;6,27;175,56;51,00;23,00;-28,00;0,00
"15454";"GX80-A8705 -M  - BOLSINHA DE FESTA FEMININA DE ALUMINIO";"42022900";"Loja 3 (CD)";"Loja 1 (Loja)";2,00;2,60;5,20;10,00;8,00;-2,00;0,00
"15455";"KA-8596 - CAIXA DE SOM PORTATIL COM CARREGADOR";"85271300";"Loja 3 (CD)";"Loja 1 (Loja)";40,00;6,80;272,00;42,00;2,00;-40,00;0,00
"15456";"GX80-A8705 -P  - BOLSINHA DE FESTA FEMININA DE ALUMINIO";"42022900";"Loja 3 (CD)";"Loja 1 (Loja)";3,00;1,86;5,58;10,00;7,00;-3,00;0,00
"15460";"OIH-2023 FRIGIDEIRA ANTIADERENTE COM 7 DIVISORIAS";"73239900";"Loja 3 (CD)";"Loja 1 (Loja)";4,00;9,78;39,12;4,00;0,00;-8,00;-4,00
"15463";"KA-L1975 LANTERNA DE CABECA COM LAMPADA LED E BATERIA RECARREGAVEL VIA USB";"85131090";"Loja 3 (CD)";"Loja 1 (Loja)";11,00;6,32;69,52;75,00;64,00;-11,00;0,00
"15468";"OIH-6253 RELOGIO DIGITAL";"91039000";"Loja 3 (CD)";"Loja 1 (Loja)";33,00;3,34;110,22;40,00;7,00;-33,00;0,00
"15473";"OIA-8215 ELASTICO COLORIDO";"56049090";"Loja 3 (CD)";"Loja 1 (Loja)";25,00;3,50;87,50;621,00;596,00;-25,00;0,00
"15474";"KA-893 FONE DE OUVIDO SEM FIO BLUETOOTH";"85183000";"Loja 3 (CD)";"Loja 1 (Loja)";50,00;5,21;260,50;50,00;0,00;-51,00;-1,00
"15476";"OIA-8100 ORGANIZADOR DE ARQUIVOS DE METAL COM 3 BANDEJAS";"83040000";"Loja 3 (CD)";"Loja 1 (Loja)";4,00;23,03;92,12;7,00;3,00;-4,00;0,00
"15477";"OIH-6108 MINI VENTILADOR";"84145990";"Loja 3 (CD)";"Loja 1 (Loja)";40,00;1,50;60,00;88,00;48,00;-40,00;0,00
"15479";"OIH-6109 MINI VENTILADOR";"84145990";"Loja 3 (CD)";"Loja 1 (Loja)";43,00;2,04;87,72;92,00;49,00;-43,00;0,00
"15480";"KAP-C118 SUPORTE DE PLASTICO PARA TABLET E NOTEBOOK";"39269090";"Loja 3 (CD)";"Loja 1 (Loja)";6,00;2,48;14,88;50,00;44,00;-6,00;0,00
"15484";"GX80-8409 - CARTEIRA FEMININA DE POLIURETANO";"42023200";"Loja 3 (CD)";"Loja 1 (Loja)";27,00;3,24;87,48;27,00;0,00;-32,00;-5,00
"15486";"GX70-7078 - CARTEIRA FEMININA DE POLIURETANO";"42023200";"Loja 3 (CD)";"Loja 1 (Loja)";41,00;2,46;100,86;100,00;59,00;-41,00;0,00
"15487";"GX70-7085 - CARTEIRA FEMININA DE POLIURETANO";"42023200";"Loja 3 (CD)";"Loja 1 (Loja)";45,00;2,32;104,40;100,00;55,00;-45,00;0,00
"15488";"GX70-7081  - CARTEIRA FEMININA DE POLIURETANO";"42023200";"Loja 3 (CD)";"Loja 1 (Loja)";44,00;2,44;107,36;100,00;56,00;-44,00;0,00
"15492";"OI-0432 - SUPORTE MULTIUSO PARA BANHEIRO";"39241000";"Loja 3 (CD)";"Loja 1 (Loja)";61,00;1,70;103,70;61,00;0,00;-117,00;-56,00
"15494";"2322-5 CUDDLY FRIENS - LIVRAO DE COLORIR";"49019900";"Loja 3 (CD)";"Loja 1 (Loja)";98,00;8,36;819,28;140,00;42,00;-98,00;0,00
"15495";"OI-0147 - PORTA PAPEL HIGIÊNICO";"73239300";"Loja 3 (CD)";"Loja 1 (Loja)";7,00;1,13;7,91;7,00;0,00;-164,00;-157,00
"15499";"1549 LIVRO DE COLORIR STITCH";"49030000";"Loja 3 (CD)";"Loja 1 (Loja)";61,00;4,49;273,89;600,00;539,00;-61,00;0,00
"15501";"1550 LIVRO DE COLORIR DORAMA";"49030000";"Loja 3 (CD)";"Loja 1 (Loja)";33,00;2,25;74,25;552,00;519,00;-33,00;0,00
"15502";"1552 BOBBIE GOODS ROSA";"49030000";"Loja 3 (CD)";"Loja 1 (Loja)";203,00;3,49;708,47;203,00;0,00;-458,00;-255,00
"15503";"1553 BOBBIE GOODS AZUL";"49030000";"Loja 3 (CD)";"Loja 1 (Loja)";114,00;3,49;397,86;123,00;9,00;-114,00;0,00
"15504";"GX80-A8715- CARTEIRA FEMININA DE POLIURETANO";"42023200";"Loja 3 (CD)";"Loja 1 (Loja)";26,00;3,24;84,24;38,00;12,00;-26,00;0,00
"15505";"GX80-A8719 - CARTEIRA FEMININA DE POLIURETANO";"42023200";"Loja 3 (CD)";"Loja 1 (Loja)";24,00;3,24;77,76;43,00;19,00;-24,00;0,00
"15507";"CH-02 GARRAFA TERMICA 600ML";"96170010";"Loja 1 (Loja)";"Loja 3 (CD)";25,00;14,20;355,00;185,00;160,00;-25,00;0,00
"15509";"OI-0367 ESCORREDOR DE METAL COMUM";"73239900";"Loja 3 (CD)";"Loja 1 (Loja)";9,00;3,79;34,11;40,00;31,00;-9,00;0,00
"15510";"GX80-8632  BOLSINHA FEMININA DE POLIURETANO";"42022210";"Loja 3 (CD)";"Loja 1 (Loja)";25,00;5,95;148,75;29,00;4,00;-25,00;0,00
"15514";"GX80-8646  BOLSINHA FEMININA DE POLIURETANO";"42022210";"Loja 3 (CD)";"Loja 1 (Loja)";23,00;7,94;182,62;24,00;1,00;-23,00;0,00
"15516";"GX80-8647  BOLSINHA FEMININA DE POLIURETANO";"42022210";"Loja 3 (CD)";"Loja 1 (Loja)";21,00;7,94;166,74;67,00;46,00;-21,00;0,00
"15518";"GX80-A8713  BOLSINHA FEMININA DE POLIURETANO";"42022210";"Loja 3 (CD)";"Loja 1 (Loja)";12,00;7,94;95,28;31,00;19,00;-12,00;0,00
"15520";"GX80-A8714  BOLSINHA FEMININA DE POLIURETANO";"42022210";"Loja 3 (CD)";"Loja 1 (Loja)";12,00;7,94;95,28;32,00;20,00;-12,00;0,00
"15522";"GX80-8645  BOLSINHA FEMININA DE POLIURETANO";"42022210";"Loja 3 (CD)";"Loja 1 (Loja)";27,00;7,94;214,38;32,00;5,00;-27,00;0,00
"15523";"GX80-8639  BOLSINHA FEMININA DE POLIURETANO";"42022210";"Loja 3 (CD)";"Loja 1 (Loja)";21,00;7,94;166,74;26,00;5,00;-21,00;0,00
"15525";"GX80-A8711  BOLSINHA FEMININA DE POLIURETANO";"42022210";"Loja 3 (CD)";"Loja 1 (Loja)";17,00;3,44;58,48;30,00;13,00;-17,00;0,00
"15526";"GX80-8636  BOLSINHA FEMININA DE POLIURETANO";"42022210";"Loja 3 (CD)";"Loja 1 (Loja)";11,00;7,94;87,34;24,00;13,00;-11,00;0,00
"15528";"GX80-8637  BOLSINHA FEMININA DE POLIURETANO";"42022210";"Loja 3 (CD)";"Loja 1 (Loja)";20,00;7,94;158,80;24,00;4,00;-20,00;0,00
"15529";"GX80-8638  BOLSINHA FEMININA DE POLIURETANO";"42022210";"Loja 3 (CD)";"Loja 1 (Loja)";17,00;7,94;134,98;33,00;16,00;-17,00;0,00
"15531";"GX80-A8727 - BOLSINHA FEMININA COM ALCA DE OMBRO EM PVC";"42022210";"Loja 3 (CD)";"Loja 1 (Loja)";9,00;10,94;98,46;17,00;8,00;-9,00;0,00
"15533";"GX80-A8725 - BOLSINHA FEMININA COM ALCA DE OMBRO EM PVC";"42022210";"Loja 3 (CD)";"Loja 1 (Loja)";10,00;10,94;109,40;16,00;6,00;-10,00;0,00
"15549";"HK20567-2  CARTEIRA FEMININA";"42022220";"Loja 3 (CD)";"Loja 1 (Loja)";17,00;2,00;34,00;19,00;2,00;-17,00;0,00
"15560";"FN20778 BOLSA FEMININA";"42022210";"Loja 3 (CD)";"Loja 1 (Loja)";4,00;11,60;46,40;10,00;6,00;-4,00;0,00
"15572";"W31-5 BOLSA FEMININA";"42022220";"Loja 3 (CD)";"Loja 1 (Loja)";7,00;12,50;87,50;16,00;9,00;-7,00;0,00
"15576";"W3005 BOLSA FEMININA";"42022220";"Loja 3 (CD)";"Loja 1 (Loja)";12,00;7,25;87,00;14,00;2,00;-12,00;0,00
"15578";"C02 BOLSA FEMININA";"42022220";"Loja 3 (CD)";"Loja 1 (Loja)";11,00;13,00;143,00;16,00;5,00;-11,00;0,00
"15579";"W3002 BOLSA FEMININA";"42022220";"Loja 3 (CD)";"Loja 1 (Loja)";21,00;9,00;189,00;21,00;0,00;-21,00;0,00
"15580";"W1302 BOLSA FEMININA";"42022220";"Loja 3 (CD)";"Loja 1 (Loja)";6,00;10,00;60,00;20,00;14,00;-6,00;0,00
"15581";"W3004 BOLSA FEMININA";"42022220";"Loja 3 (CD)";"Loja 1 (Loja)";14,00;9,00;126,00;15,00;1,00;-14,00;0,00
"15582";"W1606 BOLSA FEMININA";"42022220";"Loja 3 (CD)";"Loja 1 (Loja)";2,00;13,39;26,78;19,00;17,00;-2,00;0,00
"15585";"1301 BOLSA FEMININA";"42022220";"Loja 3 (CD)";"Loja 1 (Loja)";10,00;11,90;119,00;10,00;0,00;-14,00;-4,00
"15586";"W3011 BOLSA FEMININA";"42022220";"Loja 3 (CD)";"Loja 1 (Loja)";6,00;9,75;58,50;13,00;7,00;-6,00;0,00
"15587";"W1501 BOLSA FEMININA";"42022220";"Loja 3 (CD)";"Loja 1 (Loja)";10,00;11,90;119,00;18,00;8,00;-10,00;0,00
"15588";"W036 BOLSA FEMININA";"42022220";"Loja 3 (CD)";"Loja 1 (Loja)";7,00;13,75;96,25;17,00;10,00;-7,00;0,00
"15589";"C05 BOLSA FEMININA";"42022220";"Loja 3 (CD)";"Loja 1 (Loja)";8,00;13,00;104,00;22,00;14,00;-8,00;0,00
"15591";"W1607-1 BOLSA FEMININA";"42022220";"Loja 3 (CD)";"Loja 1 (Loja)";16,00;9,25;148,00;43,00;27,00;-16,00;0,00
"15593";"LAA11195 ANEL 5 CAIXAS 432 UND";"71171900";"Loja 3 (CD)";"Loja 1 (Loja)";237,00;0,04;9,48;757,00;520,00;-237,00;0,00
"15594";"JAA23252 ANEL 3 CAIXAS 24 UND";"71171900";"Loja 3 (CD)";"Loja 1 (Loja)";21,00;0,48;10,08;132,00;111,00;-21,00;0,00
"15595";"W30-4 BOLSA FEMININA";"42022220";"Loja 3 (CD)";"Loja 1 (Loja)";4,00;10,00;40,00;21,00;17,00;-4,00;0,00
"15597";"KAA32060 ANEL";"71171900";"Loja 3 (CD)";"Loja 1 (Loja)";9,00;0,32;2,88;138,00;129,00;-9,00;0,00
"15598";"W035 BOLSA FEMININA";"42022220";"Loja 3 (CD)";"Loja 1 (Loja)";9,00;12,50;112,50;18,00;9,00;-9,00;0,00
"15599";"KAA31087  ANEL";"71171900";"Loja 3 (CD)";"Loja 1 (Loja)";287,00;1,44;413,28;598,00;311,00;-287,00;0,00
"15600";"W27-1 BOLSA FEMININA";"42022220";"Loja 3 (CD)";"Loja 1 (Loja)";12,00;10,00;120,00;13,00;1,00;-12,00;0,00
"15602";"W-38 BOLSA FEMININA";"42022220";"Loja 3 (CD)";"Loja 1 (Loja)";15,00;12,50;187,50;18,00;3,00;-15,00;0,00
"15603";"NAA11315 ANEL 4 CAIXAS 144 UND";"71171900";"Loja 3 (CD)";"Loja 1 (Loja)";72,00;0,11;7,92;694,00;622,00;-72,00;0,00
"15604";"W3006 BOLSA FEMININA";"42022220";"Loja 3 (CD)";"Loja 1 (Loja)";5,00;7,25;36,25;16,00;11,00;-5,00;0,00
"15605";"BAA31447 ANEL";"71171900";"Loja 3 (CD)";"Loja 1 (Loja)";36,00;1,67;60,12;36,00;0,00;-311,00;-275,00
"15606";"KAA32052 ANEL 2 CAIXAS 48 UND";"71171900";"Loja 3 (CD)";"Loja 1 (Loja)";17,00;0,36;6,12;140,00;123,00;-17,00;0,00
"15608";"KAA22238  ANEL";"71171900";"Loja 3 (CD)";"Loja 1 (Loja)";11,00;0,86;9,46;21,00;10,00;-11,00;0,00
"15609";"PAA11065 ANEL 2 CAIXAS 72 UND";"71171900";"Loja 3 (CD)";"Loja 1 (Loja)";34,00;5,00;170,00;203,00;169,00;-34,00;0,00
"15610";"KAA32078  ANEL";"71171900";"Loja 3 (CD)";"Loja 1 (Loja)";11,00;0,86;9,46;19,00;8,00;-11,00;0,00
"15611";"HAA11245 ANEL 1 CAIXAS 36 UND";"71171900";"Loja 3 (CD)";"Loja 1 (Loja)";11,00;0,45;4,95;57,00;46,00;-11,00;0,00
"15614";"FAB21086 ANEL 1 CAIXAS 36 UND";"71171900";"Loja 3 (CD)";"Loja 1 (Loja)";4,00;1,00;4,00;36,00;32,00;-4,00;0,00
"15615";"DAA22184 ANEL 1 CAIXAS 36 UND";"71171900";"Loja 3 (CD)";"Loja 1 (Loja)";14,00;0,75;10,50;36,00;22,00;-14,00;0,00
"15616";"LBB63035 BRINCO DE METAL 12 PCS 24 UND";"71171900";"Loja 3 (CD)";"Loja 1 (Loja)";2,00;30,69;61,38;2,00;0,00;-7,00;-5,00
"15618";"W3016 BOLSA FEMININA M";"42022220";"Loja 3 (CD)";"Loja 1 (Loja)";30,00;2,80;84,00;30,00;0,00;-32,00;-2,00
"15619";"LAA31017 ANEL 12 CAIXAS 432 UND";"71171900";"Loja 3 (CD)";"Loja 1 (Loja)";76,00;0,04;3,04;76,00;0,00;-232,00;-156,00
"15624";"BOM-1247 CHAVE DE BOCA FIXA DUPLA";"82041100";"Loja 3 (CD)";"Loja 1 (Loja)";12,00;2,68;32,16;38,00;26,00;-12,00;0,00
"15625";"W3017 BOLSA FEMININA M";"42022220";"Loja 3 (CD)";"Loja 1 (Loja)";2,00;0,00;0,00;30,00;28,00;-2,00;0,00
"15642";"XC-E16- CHAVEIRO DE PLASTICO";"39269090";"Loja 3 (CD)";"Loja 1 (Loja)";93,00;1,00;93,00;600,00;507,00;-93,00;0,00
"15645";"BOM-3121 CONJUNTO COM 7 CHAVES DE FENDA /PHILLIPS";"82059000";"Loja 1 (Loja)";"Loja 3 (CD)";24,00;4,78;114,72;100,00;76,00;-24,00;0,00
"15678";"ICA18055 COLAR E BRINCO COM JUNTO DE METAL";"71171900";"Loja 3 (CD)";"Loja 1 (Loja)";1,00;0,45;0,45;1,00;0,00;-4,00;-3,00
"15680";"ICA28596 COLAR DE METAL";"71171900";"Loja 3 (CD)";"Loja 1 (Loja)";6,00;4,84;29,04;38,00;32,00;-6,00;0,00
"15688";"GBA33176 BRINCO DE METAL";"71171900";"Loja 3 (CD)";"Loja 1 (Loja)";2,00;2,79;5,58;2,00;0,00;-9,00;-7,00
"15694";"KBB62128 BRINCO DE METAL";"71171900";"Loja 3 (CD)";"Loja 1 (Loja)";2,00;2,79;5,58;2,00;0,00;-15,00;-13,00
"15697";"SM3001 CHAVEIRO";"71171900";"Loja 3 (CD)";"Loja 1 (Loja)";30,00;0,45;13,50;183,00;153,00;-30,00;0,00
"15698";"SM3003 CHAVEIRO CAPIVARA";"71171900";"Loja 3 (CD)";"Loja 1 (Loja)";19,00;0,45;8,55;180,00;161,00;-19,00;0,00
"15704";"MBA23663 BRINCO DE METAL 2PCT 24 UND";"71171900";"Loja 3 (CD)";"Loja 1 (Loja)";1,00;2,79;2,79;1,00;0,00;-10,00;-9,00
"15705";"EBA24885 BRINCO DE METAL";"71179000";"Loja 3 (CD)";"Loja 1 (Loja)";10,00;0,65;6,50;48,00;38,00;-10,00;0,00
"15709";"DBA12557 BRINCO DE METAL 2 PCT 24 UND";"71179000";"Loja 3 (CD)";"Loja 1 (Loja)";6,00;1,25;7,50;24,00;18,00;-6,00;0,00
"15711";"SM66031 PIRANHA";"96151100";"Loja 3 (CD)";"Loja 1 (Loja)";1.082,00;0,37;400,34;3.204,00;2.122,00;-1.082,00;0,00
"15713";"FBA12246 BRINCO DE METAL 2PCT 24 UND";"71179000";"Loja 3 (CD)";"Loja 1 (Loja)";12,00;3,00;36,00;24,00;12,00;-12,00;0,00
"15715";"BCA15270 COLAR DE METAL 2 PCT 24 UND";"71171900";"Loja 3 (CD)";"Loja 1 (Loja)";8,00;0,45;3,60;24,00;16,00;-8,00;0,00
"15717";"BCA56019 COLAR DE METAL 3 PCT 36  UND";"71171900";"Loja 3 (CD)";"Loja 1 (Loja)";15,00;1,67;25,05;36,00;21,00;-15,00;0,00
"15718";"SM9039 PIRANHA";"96151100";"Loja 3 (CD)";"Loja 1 (Loja)";25,00;1,10;27,50;216,00;191,00;-25,00;0,00
"15724";"SM130006 BRINCO";"71171900";"Loja 3 (CD)";"Loja 1 (Loja)";13,00;1,67;21,71;72,00;59,00;-13,00;0,00
"15726";"SM130010 BRINCO";"71171900";"Loja 3 (CD)";"Loja 1 (Loja)";3,00;1,67;5,01;24,00;21,00;-3,00;0,00
"15736";"SM982062 BRINCO";"71171900";"Loja 3 (CD)";"Loja 1 (Loja)";14,00;1,67;23,38;96,00;82,00;-14,00;0,00
"15743";"SM050058 ANEL";"71171900";"Loja 3 (CD)";"Loja 1 (Loja)";81,00;3,00;243,00;200,00;119,00;-81,00;0,00
"15751";"L94950 - BOLSINHA DE FESTA FEMININA DE ALUMINIO";"42022900";"Loja 3 (CD)";"Loja 1 (Loja)";8,00;9,60;76,80;20,00;12,00;-8,00;0,00
"15754";"CR-2031 - G BOLSINHA KIT FEMININA";"42022210";"Loja 3 (CD)";"Loja 1 (Loja)";17,00;4,60;78,20;24,00;7,00;-17,00;0,00
"15766";"SM968018 KIT PIRANHA";"71171900";"Loja 3 (CD)";"Loja 1 (Loja)";101,00;1,10;111,10;216,00;115,00;-101,00;0,00
"15773";"SM022046 RABICO";"71171900";"Loja 3 (CD)";"Loja 1 (Loja)";25,00;0,45;11,25;72,00;47,00;-25,00;0,00
"15775";"BOM-2014 TORNEIRA DE BANHEIRO - TAMANHO: 135MM*110MM";"84818019";"Loja 1 (Loja)";"Loja 3 (CD)";23,00;2,36;54,28;174,00;151,00;-23,00;0,00
"15785";"Y06 - MINI CHAVEIRO DE PELUCIA -10CM";"71171900";"Loja 1 (Loja)";"Loja 3 (CD)";6,00;4,90;29,40;64,00;58,00;-6,00;0,00
"15791";"BOM-3608 KIT 6 PCS ESUQADRO MAGNETICO PARA SOLDA";"82055900";"Loja 3 (CD)";"Loja 1 (Loja)";2,00;1,78;3,56;125,00;123,00;-2,00;0,00
"15798";"CR-2036 - P   BOLSA KIT FEMININA";"42022210";"Loja 3 (CD)";"Loja 1 (Loja)";20,00;1,80;36,00;36,00;16,00;-20,00;0,00
"15866";"3516 MUNDO BITA - LIVRO COM QUEBRA-CABECA 9786526113516";"49030000";"Loja 3 (CD)";"Loja 1 (Loja)";12,00;2,23;26,76;60,00;48,00;-12,00;0,00
"15871";"SM046013 PULSEIRA";"71171900";"Loja 3 (CD)";"Loja 1 (Loja)";5,00;1,43;7,15;24,00;19,00;-5,00;0,00
"15873";"4316 MATEMATICA DIVERTIDA";"49030000";"Loja 3 (CD)";"Loja 1 (Loja)";21,00;1,81;38,01;47,00;26,00;-21,00;0,00
"15874";"9505 COORDENACAO MOTORA";"49030000";"Loja 3 (CD)";"Loja 1 (Loja)";30,00;6,50;195,00;60,00;30,00;-30,00;0,00
"15875";"4347 PRATICANDO MATEMATICA";"49030000";"Loja 3 (CD)";"Loja 1 (Loja)";19,00;1,81;34,39;47,00;28,00;-19,00;0,00
"15881";"5729 MARIA CLARA E JP - DIVERSAO COLORIDA";"49030000";"Loja 3 (CD)";"Loja 1 (Loja)";6,00;2,23;13,38;48,00;42,00;-6,00;0,00
"15883";"4323 BRINCAR E APRENDER";"49030000";"Loja 3 (CD)";"Loja 1 (Loja)";20,00;1,81;36,20;47,00;27,00;-20,00;0,00
"15885";"8249 LETRA CURSIVA";"49030000";"Loja 3 (CD)";"Loja 1 (Loja)";30,00;6,50;195,00;60,00;30,00;-30,00;0,00
"15886";"8232 ALFABETO CANETA MAGICA";"49030000";"Loja 3 (CD)";"Loja 1 (Loja)";22,00;6,50;143,00;60,00;38,00;-22,00;0,00
"15888";"2718 UNICORNIOS ESCREVA E DIVIRTA-SE";"49030000";"Loja 3 (CD)";"Loja 1 (Loja)";10,00;4,75;47,50;40,00;30,00;-10,00;0,00
"15889";"4378 TREINANDO MATEMATICA";"49030000";"Loja 3 (CD)";"Loja 1 (Loja)";7,00;1,95;13,65;47,00;40,00;-7,00;0,00
"15894";"9499 APRENDA A ESCREVER - SILABAS";"49030000";"Loja 3 (CD)";"Loja 1 (Loja)";4,00;6,50;26,00;60,00;56,00;-4,00;0,00
"15895";"H-891 BORRACHA";"40169200";"Loja 1 (Loja)";"Loja 3 (CD)";1,00;0,00;0,00;107,00;106,00;-1,00;0,00
"15896";"9529  APRENDA A ESCREVER - PALAVRAS E FRASES";"49030000";"Loja 3 (CD)";"Loja 1 (Loja)";15,00;6,50;97,50;60,00;45,00;-15,00;0,00
"15898";"6863 PATRULHA CANINA - OS FILHOTES SALVAM O DIA";"49030000";"Loja 3 (CD)";"Loja 1 (Loja)";21,00;7,60;159,60;81,00;60,00;-21,00;0,00
"15899";"5767 TURMA DA MONICA - DIVERSAO COLORIDA";"49030000";"Loja 3 (CD)";"Loja 1 (Loja)";10,00;2,23;22,30;48,00;38,00;-10,00;0,00
"15900";"8225 LETRA BASTAO CANETA MAGICA";"49030000";"Loja 3 (CD)";"Loja 1 (Loja)";11,00;6,50;71,50;60,00;49,00;-11,00;0,00
"15901";"5743 HISTORIAS BIBLICAS DIVERSÃO COLORIDA";"49030000";"Loja 3 (CD)";"Loja 1 (Loja)";6,00;2,23;13,38;50,00;44,00;-6,00;0,00
"15902";"5712 DINOSSAUROS DIVERSÃO COLORIDA";"49030000";"Loja 3 (CD)";"Loja 1 (Loja)";4,00;2,23;8,92;50,00;46,00;-4,00;0,00
"15905";"5736 MODA DIVERSÃO COLORIDA";"49030000";"Loja 3 (CD)";"Loja 1 (Loja)";14,00;2,23;31,22;50,00;36,00;-14,00;0,00
"15906";"3139 PEPPA PIG - FESTA A FANTASIA";"49030000";"Loja 3 (CD)";"Loja 1 (Loja)";29,00;1,95;56,55;46,00;17,00;-29,00;0,00
"15908";"5705 BARBIE - DIVERSAO COLORIDA";"49030000";"Loja 3 (CD)";"Loja 1 (Loja)";10,00;2,23;22,30;49,00;39,00;-10,00;0,00
"15912";"3108 HOT WHEELS - UNIVERSO RADICAL";"49030000";"Loja 3 (CD)";"Loja 1 (Loja)";24,00;1,95;46,80;50,00;26,00;-24,00;0,00
"15913";"4793 BARBIE - A DESCOBERTA DAS CORES";"49030000";"Loja 3 (CD)";"Loja 1 (Loja)";16,00;7,60;121,60;144,00;128,00;-16,00;0,00
"15914";"5699 ANIMAIS DA FAZENDA DIVERSÃO COLORIDA";"49030000";"Loja 3 (CD)";"Loja 1 (Loja)";5,00;2,23;11,15;50,00;45,00;-5,00;0,00
"15920";"3829 COZY AND CUTE - LIVRO DE COLORIR";"49019900";"Loja 3 (CD)";"Loja 1 (Loja)";43,00;1,00;43,00;48,00;5,00;-43,00;0,00
"15921";"F019 - BOLSA FEMININA MATERIAL PLASTICO";"42022210";"Loja 3 (CD)";"Loja 1 (Loja)";1,00;15,75;15,75;5,00;4,00;-1,00;0,00
"15923";"9194 ALFABETO COLORINDO COM AGUA";"49030000";"Loja 3 (CD)";"Loja 1 (Loja)";12,00;2,23;26,76;48,00;36,00;-12,00;0,00
"15928";"3669 COMFY AND COZY - MEU LIVRAO DE COLORIR";"49030000";"Loja 3 (CD)";"Loja 1 (Loja)";26,00;3,32;86,32;33,00;7,00;-26,00;0,00
"15930";"0065 DINOSSAUROS - LIVRO COM ATIVIDADES E DESENHOS PARA COLORIR";"49030000";"Loja 3 (CD)";"Loja 1 (Loja)";1,00;19,95;19,95;30,00;29,00;-1,00;0,00
"15947";"2893 OVELHA ROSA - ESCREVA";"49030000";"Loja 3 (CD)";"Loja 1 (Loja)";12,00;4,75;57,00;38,00;26,00;-12,00;0,00
"15965";"BC4004 APONTADOR UNICORNIO";"96082000";"Loja 3 (CD)";"Loja 1 (Loja)";16,00;0,07;1,12;16,00;0,00;-36,00;-20,00
"15969";"F067 - BOLSA DE OMBRO FEMININA TAMANHO PEQUENO MATERIAL PU";"42029200";"Loja 3 (CD)";"Loja 1 (Loja)";8,00;10,90;87,20;24,00;16,00;-8,00;0,00
"15974";"2947 PEPPA PIG - ESCREVA";"49030000";"Loja 3 (CD)";"Loja 1 (Loja)";10,00;1,39;13,90;20,00;10,00;-10,00;0,00
"15978";"1962 A CRIACAO - LIVRO DE COLORIR";"49030000";"Loja 3 (CD)";"Loja 1 (Loja)";25,00;7,60;190,00;48,00;23,00;-25,00;0,00
"15980";"UT-501 REGUA";"90178090";"Loja 3 (CD)";"Loja 1 (Loja)";26,00;2,39;62,14;288,00;262,00;-26,00;0,00
"15994";"XTQ-207 UNHA POSTIÇA INFANTIL";"39269090";"Loja 1 (Loja)";"Loja 3 (CD)";29,00;4,92;142,68;269,00;240,00;-29,00;0,00
"15996";"OIH-4206 CAIXINHA ORGANIZADORA DE JOIAS";"42021210";"Loja 1 (Loja)";"Loja 3 (CD)";199,00;1,00;199,00;745,00;546,00;-199,00;0,00
"15997";"TG-B3339 FITA CORRETIVO";"96082000";"Loja 1 (Loja)";"Loja 3 (CD)";1,00;1,00;1,00;129,00;128,00;-1,00;0,00
"16002";"OIF-7500 BOLSA DE BRACO";"42029200";"Loja 1 (Loja)";"Loja 3 (CD)";30,00;2,34;70,20;436,00;406,00;-30,00;0,00
"16009";"LUA559-028 POP LUZ RAPIDA PUSH GAME";"95030031";"Loja 3 (CD)";"Loja 1 (Loja)";7,00;1,39;9,73;104,00;97,00;-7,00;0,00
"16022";"BC4005 APONTADOR KUROMI";"96082000";"Loja 3 (CD)";"Loja 1 (Loja)";11,00;0,07;0,77;431,00;420,00;-11,00;0,00
"16026";"OIF-7415 TORNOZELEIRA ESPORTIVA DE COMPRESSAO";"95069900";"Loja 1 (Loja)";"Loja 3 (CD)";35,00;2,92;102,20;519,00;484,00;-35,00;0,00
"16038";"LU-MKB(168) - APMA - CH-006 - CANETA HIDROGRAFICA - 168 CORES";"96082000";"Loja 3 (CD)";"Loja 1 (Loja)";8,00;1,80;14,40;8,00;0,00;-11,00;-3,00
"16040";"LU-BXMKB12 MINI MARCADOR COM GLITTER KIT 12";"96082000";"Loja 3 (CD)";"Loja 1 (Loja)";61,00;1,80;109,80;96,00;35,00;-61,00;0,00
"16041";"LU-MKB(24) - APMA - CH-004 - CANETA HIDROGRAFICA - 24 CORES";"96082000";"Loja 3 (CD)";"Loja 1 (Loja)";247,00;1,80;444,60;470,00;223,00;-247,00;0,00
"16043";"LU-MKB(36) - APMA - CH-005 - CANETA HIDROGRAFICA - 36 CORES";"96082000";"Loja 3 (CD)";"Loja 1 (Loja)";84,00;1,80;151,20;346,00;262,00;-84,00;0,00
"16048";"1619 URSO DE PELUCIA";"95030080";"Loja 3 (CD)";"Loja 1 (Loja)";15,00;2,00;30,00;545,00;530,00;-15,00;0,00
"16052";"LU-MKB(60) - APMA - CH-006 - CANETA HIDROGRAFICA -  60 CORES";"96082000";"Loja 3 (CD)";"Loja 1 (Loja)";20,00;1,80;36,00;20,00;0,00;-40,00;-20,00
"16055";"LU-MKB(48) - APMA - CH-006 - CANETA HIDROGRAFICA - 48 CORES";"96082000";"Loja 3 (CD)";"Loja 1 (Loja)";30,00;1,80;54,00;30,00;0,00;-84,00;-54,00
"16061";"LI-BXMKB24 MINI MINI MARCADOR COM GLITTER KIT 24";"96082000";"Loja 3 (CD)";"Loja 1 (Loja)";15,00;1,80;27,00;48,00;33,00;-15,00;0,00
"16065";"LU-BJB169/306 CADERNO DE PAPEL PARA ANOTACOES";"48202000";"Loja 3 (CD)";"Loja 1 (Loja)";12,00;1,10;13,20;12,00;0,00;-37,00;-25,00
"16067";"LU-BJB46 CADERNO DE PAPEL";"48021000";"Loja 3 (CD)";"Loja 1 (Loja)";16,00;46,00;736,00;130,00;114,00;-16,00;0,00
"16068";"LU-BJB45 CADERNO DE PAPEL";"48021000";"Loja 3 (CD)";"Loja 1 (Loja)";49,00;6,32;309,68;204,00;155,00;-49,00;0,00
"16072";"LU-BJB44 CADERNO DE PAPEL";"48021000";"Loja 3 (CD)";"Loja 1 (Loja)";26,00;4,80;124,80;156,00;130,00;-26,00;0,00
"16076";"XP-2805 APONTADOR";"96082000";"Loja 3 (CD)";"Loja 1 (Loja)";3,00;0,07;0,21;360,00;357,00;-3,00;0,00
"16081";"YPD CADERNO DE PINTURA";"48202000";"Loja 3 (CD)";"Loja 1 (Loja)";48,00;1,00;48,00;300,00;252,00;-48,00;0,00
"16084";"LU-BXMKB48 MINI MARCA TEXTOKIT 48";"96082000";"Loja 3 (CD)";"Loja 1 (Loja)";9,00;1,80;16,20;24,00;15,00;-9,00;0,00
"16099";"FY-556 BLOQUINHO DE NOTAS";"48202000";"Loja 3 (CD)";"Loja 1 (Loja)";15,00;1,50;22,50;192,00;177,00;-15,00;0,00
"16106";"8930 REGUA";"90178090";"Loja 3 (CD)";"Loja 1 (Loja)";18,00;0,45;8,10;600,00;582,00;-18,00;0,00
"16107";"QM4345 ADESIVO INFANTIL";"39019090";"Loja 3 (CD)";"Loja 1 (Loja)";129,00;0,20;25,80;360,00;231,00;-129,00;0,00
"16108";"CY-BF CADERNO ADESIVO INFANTIL";"39019090";"Loja 3 (CD)";"Loja 1 (Loja)";10,00;1,00;10,00;225,00;215,00;-10,00;0,00
"16118";"3713 APONTADOR URSO PANDA";"96082000";"Loja 3 (CD)";"Loja 1 (Loja)";18,00;0,07;1,26;432,00;414,00;-18,00;0,00
"16121";"BC4008 APONTADOR";"96082000";"Loja 3 (CD)";"Loja 1 (Loja)";18,00;0,07;1,26;430,00;412,00;-18,00;0,00
"16129";"ZC-TT28-07 CADERNO MAGNETICO PUZZLES";"48202000";"Loja 3 (CD)";"Loja 1 (Loja)";11,00;6,40;70,40;236,00;225,00;-11,00;0,00
"16143";"YM4281 CANETAS 80/CORES";"96082000";"Loja 3 (CD)";"Loja 1 (Loja)";3,00;1,80;5,40;720,00;717,00;-3,00;0,00
"16151";"19120 BOLSA";"42022210";"Loja 3 (CD)";"Loja 1 (Loja)";17,00;17,28;293,76;270,00;253,00;-17,00;0,00
"16158";"BC4002 APONTADOR STITH";"96082000";"Loja 3 (CD)";"Loja 1 (Loja)";32,00;0,07;2,24;432,00;400,00;-32,00;0,00
"16159";"3715 APONTADOR";"96082000";"Loja 3 (CD)";"Loja 1 (Loja)";6,00;0,07;0,42;432,00;426,00;-6,00;0,00
"16160";"2775 APONTADOR";"96082000";"Loja 3 (CD)";"Loja 1 (Loja)";7,00;0,07;0,49;360,00;353,00;-7,00;0,00
"16163";"UT-604 APONTADOR MONTAR";"96082000";"Loja 3 (CD)";"Loja 1 (Loja)";52,00;0,07;3,64;432,00;380,00;-52,00;0,00
"16179";"BM-S206 CAIXA DE SOM PARA NOTEBOOK/COMPUTADOR";"85185000";"Loja 1 (Loja)";"Loja 3 (CD)";25,00;4,77;119,25;126,00;101,00;-25,00;0,00
"16194";"KT-1007 ADESIVO INFANTIL";"39019090";"Loja 3 (CD)";"Loja 1 (Loja)";94,00;1,45;136,30;600,00;506,00;-94,00;0,00
"16205";"HB-105 KIT CORRETIVO";"96082000";"Loja 3 (CD)";"Loja 1 (Loja)";3,00;0,07;0,21;192,00;189,00;-3,00;0,00
"16208";"1160A-24 CANETINHAS/24 CORES";"96082000";"Loja 3 (CD)";"Loja 1 (Loja)";15,00;1,80;27,00;1.477,00;1.462,00;-15,00;0,00
"16213";"YYDS-80 CANETA TOUCH 80 UNIDADES";"96082000";"Loja 3 (CD)";"Loja 1 (Loja)";78,00;1,80;140,40;21.440,00;21.362,00;-78,00;0,00
"16231";"688 APONTADOR CAMERA";"96082000";"Loja 1 (Loja)";"Loja 3 (CD)";1,00;0,07;0,07;858,00;857,00;-1,00;0,00
"16246";"DS13998 MALETA MAQUIAGEM NECESSÁRIA COM ESPELHO LUZ LED";"42029200";"Loja 3 (CD)";"Loja 1 (Loja)";22,00;18,48;406,56;24,00;2,00;-22,00;0,00
"16251";"MJQ-078 LIXADOR DE PE ELETRICO";"82142000";"Loja 3 (CD)";"Loja 1 (Loja)";70,00;7,00;490,00;70,00;0,00;-73,00;-3,00
"16252";"DS12929 FRIGIDEIRA 26CM /VRT501";"76151000";"Loja 3 (CD)";"Loja 1 (Loja)";1,00;12,48;12,48;1,00;0,00;-15,00;-14,00
"16261";"DS13624 MANGUITO DE COMPRESSÃO";"62113300";"Loja 3 (CD)";"Loja 1 (Loja)";15,00;0,84;12,60;545,00;530,00;-15,00;0,00
"16268";"1626 LABUBU LIVRO PARA COLORIR";"49030000";"Loja 3 (CD)";"Loja 1 (Loja)";1.400,00;2,51;3.514,00;7.703,00;6.303,00;-1.400,00;0,00
"16283";"SM993001 PIRANHA";"71171900";"Loja 3 (CD)";"Loja 1 (Loja)";13,00;0,45;5,85;25,00;12,00;-13,00;0,00
"16285";"SM319008 PRESILHA DE CABELO";"71171900";"Loja 3 (CD)";"Loja 1 (Loja)";2,00;1,67;3,34;24,00;22,00;-2,00;0,00
"16286";"SM982063 BRINCO";"71171900";"Loja 3 (CD)";"Loja 1 (Loja)";1,00;1,67;1,67;96,00;95,00;-1,00;0,00
"16287";"SM022045 PIRANHA";"71171900";"Loja 3 (CD)";"Loja 1 (Loja)";7,00;1,67;11,69;168,00;161,00;-7,00;0,00
"16288";"SM800024 PIRANHA";"71171900";"Loja 3 (CD)";"Loja 1 (Loja)";21,00;1,00;21,00;192,00;171,00;-21,00;0,00
"16291";"SM729038 PIRANHA";"71171900";"Loja 3 (CD)";"Loja 1 (Loja)";24,00;1,19;28,56;168,00;144,00;-24,00;0,00
"16297";"SM968024 PIRANHA";"71171900";"Loja 3 (CD)";"Loja 1 (Loja)";1,00;1,43;1,43;36,00;35,00;-1,00;0,00
"16308";"SM993002 PIRANHA";"71171900";"Loja 3 (CD)";"Loja 1 (Loja)";5,00;1,00;5,00;120,00;115,00;-5,00;0,00
"16309";"SM202014 BRINCO";"71171900";"Loja 3 (CD)";"Loja 1 (Loja)";7,00;0,45;3,15;72,00;65,00;-7,00;0,00
"16311";"SM729045 PIRANHA";"71171900";"Loja 3 (CD)";"Loja 1 (Loja)";22,00;1,67;36,74;72,00;50,00;-22,00;0,00
"16315";"ZY128-031 CAIXA DE ARMAZENAMENTO DE CARRINHO";"39249000";"Loja 3 (CD)";"Loja 1 (Loja)";37,00;4,99;184,63;42,00;5,00;-37,00;0,00
"16316";"BM-A06 BALANCO DIGITAL PARA MALA:";"84231000";"Loja 1 (Loja)";"Loja 3 (CD)";3,00;1,59;4,77;155,00;152,00;-3,00;0,00
"16323";"7058 BOLSA FEMININA";"42022210";"Loja 3 (CD)";"Loja 1 (Loja)";12,00;8,50;102,00;31,00;19,00;-12,00;0,00
"16325";"SM319011 PRESEILHA DE CABELO";"71171900";"Loja 3 (CD)";"Loja 1 (Loja)";2,00;0,45;0,90;24,00;22,00;-2,00;0,00
"16327";"SM125021 PRESILHA DE CABELO";"71171900";"Loja 3 (CD)";"Loja 1 (Loja)";1,00;0,45;0,45;24,00;23,00;-1,00;0,00
"16330";"SM045003 LAÇO PARA CABELO";"71171900";"Loja 3 (CD)";"Loja 1 (Loja)";4,00;3,30;13,20;24,00;20,00;-4,00;0,00
"16334";"B223 ROBLOX";"49119900";"Loja 3 (CD)";"Loja 1 (Loja)";35,00;3,49;122,15;40,00;5,00;-35,00;0,00
"16338";"SM999094 BRINCO";"71171900";"Loja 3 (CD)";"Loja 1 (Loja)";1,00;1,43;1,43;24,00;23,00;-1,00;0,00
"16339";"SM045002 PRESILHA DE CABELO";"71171900";"Loja 3 (CD)";"Loja 1 (Loja)";6,00;0,45;2,70;24,00;18,00;-6,00;0,00
"16342";"SM045006 PRESILHA DE CABELO";"71171900";"Loja 3 (CD)";"Loja 1 (Loja)";5,00;0,45;2,25;24,00;19,00;-5,00;0,00
"16343";"SM045007 PRESILHA";"71171900";"Loja 3 (CD)";"Loja 1 (Loja)";7,00;1,67;11,69;24,00;17,00;-7,00;0,00
"16344";"SM125011 KIT PRESILHA";"71171900";"Loja 3 (CD)";"Loja 1 (Loja)";16,00;0,45;7,20;120,00;104,00;-16,00;0,00
"16345";"SM022056 PIRANHA";"71171900";"Loja 3 (CD)";"Loja 1 (Loja)";2,00;2,79;5,58;181,00;179,00;-2,00;0,00
"16346";"SM616058 PIRANHA";"71171900";"Loja 3 (CD)";"Loja 1 (Loja)";19,00;0,45;8,55;72,00;53,00;-19,00;0,00
"16348";"SM956001 PIRANHA";"71171900";"Loja 3 (CD)";"Loja 1 (Loja)";2,00;1,67;3,34;96,00;94,00;-2,00;0,00
"16359";"B224 LABUBU CADENO DE DESENHO";"49119900";"Loja 3 (CD)";"Loja 1 (Loja)";46,00;2,51;115,46;951,00;905,00;-46,00;0,00
"16360";"SM319013 PRESILHA";"71171900";"Loja 3 (CD)";"Loja 1 (Loja)";4,00;1,65;6,60;72,00;68,00;-4,00;0,00
"16361";"BM-611 MOUSE COM FIO E ENTRADA USB";"84716053";"Loja 1 (Loja)";"Loja 3 (CD)";12,00;1,54;18,48;148,00;136,00;-12,00;0,00
"16362";"SM928002 PRESILHA";"71171900";"Loja 3 (CD)";"Loja 1 (Loja)";7,00;1,67;11,69;72,00;65,00;-7,00;0,00
"16363";"SM768022 LIGA DE CABELO";"71171900";"Loja 3 (CD)";"Loja 1 (Loja)";34,00;1,00;34,00;360,00;326,00;-34,00;0,00
"16365";"SM022044 PRESILHA";"71171900";"Loja 3 (CD)";"Loja 1 (Loja)";4,00;1,00;4,00;120,00;116,00;-4,00;0,00
"16366";"SM202007 BRINCO";"71171900";"Loja 3 (CD)";"Loja 1 (Loja)";5,00;0,45;2,25;48,00;43,00;-5,00;0,00
"16368";"SM220036 PULSEIRA";"71171900";"Loja 3 (CD)";"Loja 1 (Loja)";7,00;0,45;3,15;120,00;113,00;-7,00;0,00
"16369";"SM993006 PIRANHA";"71171900";"Loja 3 (CD)";"Loja 1 (Loja)";23,00;0,45;10,35;148,00;125,00;-23,00;0,00
"16372";"BM-F1014 DISPENSER AUTOMATICO PASTA DENTE COM SUPORTE DE ESCOVAS";"39249000";"Loja 1 (Loja)";"Loja 3 (CD)";185,00;0,85;157,25;196,00;11,00;-185,00;0,00
"16373";"SM022062N PIRANHA";"71171900";"Loja 3 (CD)";"Loja 1 (Loja)";3,00;3,00;9,00;24,00;21,00;-3,00;0,00
"16374";"SM779014 PIRANHA";"71171900";"Loja 3 (CD)";"Loja 1 (Loja)";4,00;1,13;4,52;24,00;20,00;-4,00;0,00
"16375";"BOM-5112 DISCO DE CORTE DE FERRO";"82023100";"Loja 1 (Loja)";"Loja 3 (CD)";1,00;3,24;3,24;152,00;151,00;-1,00;0,00
"16376";"BM-F1001 LUMINARIA DE MESA COM GLOBOLED-50/60HZ:110/220V-BIVOLT";"94052100";"Loja 3 (CD)";"Loja 1 (Loja)";2,00;2,31;4,62;10,00;8,00;-2,00;0,00
"16377";"BM-244 KIT VLOG PARA CELULAR COM TRIPÉ E MICROFONE";"96200000";"Loja 1 (Loja)";"Loja 3 (CD)";70,00;3,59;251,30;162,00;92,00;-70,00;0,00
"16378";"SM928003 PRESILHA";"71171900";"Loja 3 (CD)";"Loja 1 (Loja)";1,00;0,45;0,45;72,00;71,00;-1,00;0,00
"16379";"SM616060 PRESILHA DE CABELO";"71171900";"Loja 3 (CD)";"Loja 1 (Loja)";1,00;0,98;0,98;48,00;47,00;-1,00;0,00
"16380";"BM-8523 LANTERNA MANUAL COM LAMPADA LED E BATERIA RECARREGAVEL 5V";"85131010";"Loja 3 (CD)";"Loja 1 (Loja)";2,00;20,46;40,92;4,00;2,00;-2,00;0,00
"16381";"SM978003 PIRANHA";"71171900";"Loja 3 (CD)";"Loja 1 (Loja)";7,00;0,45;3,15;72,00;65,00;-7,00;0,00
"16384";"SM130005 BRINCOS";"71171900";"Loja 3 (CD)";"Loja 1 (Loja)";1,00;1,65;1,65;48,00;47,00;-1,00;0,00
"16386";"SM050040 ANEIS";"71171900";"Loja 3 (CD)";"Loja 1 (Loja)";7,00;0,84;5,88;105,00;98,00;-7,00;0,00
"16389";"SM130018 BRINCO";"71171900";"Loja 3 (CD)";"Loja 1 (Loja)";1,00;0,45;0,45;24,00;23,00;-1,00;0,00
"16417";"LEY-238 - MINI GAME PORTATIL RETRO COM 400 JOGOS";"95049090";"Loja 1 (Loja)";"Loja 3 (CD)";50,00;27,55;1.377,50;173,00;123,00;-50,00;0,00
"16423";"FZ3927 CARTEIRA FEMININA";"42023200";"Loja 3 (CD)";"Loja 1 (Loja)";16,00;4,74;75,84;16,00;0,00;-50,00;-34,00
"16425";"BM-F930 MINI PROCESSADOR/TRITURADOR DE ALIMENTOS";"85098090";"Loja 1 (Loja)";"Loja 3 (CD)";48,00;0,88;42,24;626,00;578,00;-48,00;0,00
"16428";"LH3807 CARTEIRA FEMININA";"42023200";"Loja 3 (CD)";"Loja 1 (Loja)";11,00;5,34;58,74;11,00;0,00;-15,00;-4,00
"16431";"LEY-1514 - MOUSE OPTICO COM FIO";"84716053";"Loja 1 (Loja)";"Loja 3 (CD)";30,00;1,90;57,00;76,00;46,00;-30,00;0,00
"16433";"LEY-2279 - LUMINARIA DE LED PENDENTE";"94051190";"Loja 1 (Loja)";"Loja 3 (CD)";40,00;2,75;110,00;106,00;66,00;-40,00;0,00
"16434";"FZ3903 CARTEIRA FEMININA";"42023200";"Loja 3 (CD)";"Loja 1 (Loja)";14,00;5,04;70,56;14,00;0,00;-14,00;0,00
"16440";"FZ3928 CARTEIRA FEMININA";"42023200";"Loja 3 (CD)";"Loja 1 (Loja)";11,00;4,74;52,14;11,00;0,00;-11,00;0,00
"16442";"FZ3939B CARTEIRA FEMININA";"42023200";"Loja 3 (CD)";"Loja 1 (Loja)";15,00;5,64;84,60;15,00;0,00;-19,00;-4,00
"16444";"FZ3946 CARTEIRA FEMININA";"42023200";"Loja 3 (CD)";"Loja 1 (Loja)";13,00;3,84;49,92;13,00;0,00;-13,00;0,00
"16448";"LC-2363 CARTEIRA FEMININA";"42023200";"Loja 3 (CD)";"Loja 1 (Loja)";18,00;2,34;42,12;18,00;0,00;-29,00;-11,00
"16450";"FZ-3954 CARTEIRA FEMININA";"42023200";"Loja 3 (CD)";"Loja 1 (Loja)";16,00;6,24;99,84;16,00;0,00;-19,00;-3,00
"16451";"HO-20697 BOLSA FEMININA";"42022210";"Loja 3 (CD)";"Loja 1 (Loja)";2,00;23,10;46,20;2,00;0,00;-3,00;-1,00
"16452";"LEY-239 - MINI GAME PORTATIL RETRO COM 400 JOGOS";"95049090";"Loja 3 (CD)";"Loja 1 (Loja)";86,00;27,55;2.369,30;194,00;108,00;-86,00;0,00
"16453";"HO-20714 BOLSA FEMININA";"42022210";"Loja 3 (CD)";"Loja 1 (Loja)";7,00;24,60;172,20;7,00;0,00;-9,00;-2,00
"16455";"HQ-20597 BOLSA FEMININA";"42022210";"Loja 3 (CD)";"Loja 1 (Loja)";4,00;27,71;110,84;5,00;1,00;-4,00;0,00
"16457";"MS-19534 G  BOLSA KIT FEMININA";"42022210";"Loja 3 (CD)";"Loja 1 (Loja)";3,00;37,80;113,40;6,00;3,00;-3,00;0,00
"16464";"WF-20227 BOLSA FEMININA";"42022210";"Loja 3 (CD)";"Loja 1 (Loja)";2,00;18,60;37,20;6,00;4,00;-2,00;0,00
"16479";"XX-20369 BOLSINHA FEMININA";"42022220";"Loja 3 (CD)";"Loja 1 (Loja)";3,00;10,14;30,42;6,00;3,00;-3,00;0,00
"16486";"S-44-MINI CAMERA FOTOGRAFICA PORTATIL COM DISPLAY DE 1.5PIXELS40MP";"85258919";"Loja 3 (CD)";"Loja 1 (Loja)";9,00;3,92;35,28;68,00;59,00;-9,00;0,00
"16500";"ST-806 - LIXEIRA AUTOMATICA COM SENSOR DE APROXIMACAO";"85098090";"Loja 3 (CD)";"Loja 1 (Loja)";2,00;14,88;29,76;140,00;138,00;-2,00;0,00
"16503";"BM-F969 CONJUNTO DE 3 SACOS PLASTICOS PARA EMBALAGEM A VACUO + 1 BOMBA DE SUCCAO";"39232910";"Loja 3 (CD)";"Loja 1 (Loja)";3,00;3,84;11,52;45,00;42,00;-3,00;0,00
"16506";"SNJ1-150 - SAPATEIRA ORGANIZADORA DE METAL";"94032090";"Loja 3 (CD)";"Loja 1 (Loja)";20,00;7,36;147,20;46,00;26,00;-20,00;0,00
"16516";"REF.: ST-804 - LIXEIRA AUTOMATICA COM SENSOR DE APROXIMACAO";"85098090";"Loja 2 (Depósito)";"Loja 3 (CD)";10,00;11,90;119,00;492,00;482,00;-10,00;0,00
"16521";"ST-727 - FONTE SOLAR DECORATIVA FLUTUANTE";"84248990";"Loja 3 (CD)";"Loja 1 (Loja)";4,00;10,04;40,16;105,00;101,00;-4,00;0,00
"16535";"TW6322 SANDALIA FEMININA ADULTO";"64019990";"Loja 3 (CD)";"Loja 1 (Loja)";6,00;20,50;123,00;25,00;19,00;-6,00;0,00
"16591";"KA-M8 PEN DRIVE + CARTAO DE MEMORIA 8G";"85044060";"Loja 1 (Loja)";"Loja 3 (CD)";22,00;2,70;59,40;104,00;82,00;-22,00;0,00
"16592";"KA-M16 PEN DRIVE + CARTAO DE MEMORIA 16G";"85044060";"Loja 1 (Loja)";"Loja 3 (CD)";1,00;2,70;2,70;30,00;29,00;-1,00;0,00
"16593";"KA-S-32 PEN DRIVE DE MEMORIA 32G";"85044060";"Loja 1 (Loja)";"Loja 3 (CD)";32,00;5,11;163,52;32,00;0,00;-45,00;-13,00
"16596";"KA-M32 PEN DRIVE + CARTAO DE MEMORIA 32G";"85044060";"Loja 1 (Loja)";"Loja 3 (CD)";28,00;1,32;36,96;28,00;0,00;-29,00;-1,00
"16606";"GZ4115 APONTADOR MANUAL";"96082000";"Loja 1 (Loja)";"Loja 3 (CD)";11,00;1,80;19,80;63,00;52,00;-11,00;0,00
"16609";"LE-258FC CARREGADOR PARA CELULAR";"85044010";"Loja 3 (CD)";"Loja 1 (Loja)";19,00;14,50;275,50;138,00;119,00;-19,00;0,00
"16614";"LE-238FC CARREGADOR DE VIAGEM";"85044010";"Loja 3 (CD)";"Loja 1 (Loja)";24,00;12,50;300,00;139,00;115,00;-24,00;0,00
"16618";"BOM-6512 TRENA DE FITA METRICA 50M DE FIBRA DE VIDRO";"90178010";"Loja 1 (Loja)";"Loja 3 (CD)";30,00;5,96;178,80;153,00;123,00;-30,00;0,00
"16622";"MAX-0531 CARREGADOR PORTATIL (POWER BANK";"85076000";"Loja 1 (Loja)";"Loja 3 (CD)";10,00;7,23;72,30;113,00;103,00;-10,00;0,00
"16627";"BM-249 MICROFONE DINAMICO COM FIO - IMPEDANCIA: 600 OHMS";"85181090";"Loja 1 (Loja)";"Loja 3 (CD)";20,00;2,78;55,60;156,00;136,00;-20,00;0,00
"16631";"CAAB18435 ANEL DE METAL";"71171900";"Loja 3 (CD)";"Loja 1 (Loja)";1,00;2,79;2,79;1,00;0,00;-8,00;-7,00
"16651";"YY19351-G BOLSA FEMININA";"42022210";"Loja 3 (CD)";"Loja 1 (Loja)";2,00;42,90;85,80;2,00;0,00;-2,00;0,00
"16654";"CY-DQ1779 PORTA JOIAS";"39241000";"Loja 3 (CD)";"Loja 1 (Loja)";156,00;1,12;174,72;1.160,00;1.004,00;-156,00;0,00
"16659";"SM998002 COLAR";"71179000";"Loja 3 (CD)";"Loja 1 (Loja)";3,00;4,60;13,80;47,00;44,00;-3,00;0,00
"16664";"SM130014  BRINCO";"71179000";"Loja 3 (CD)";"Loja 1 (Loja)";2,00;4,00;8,00;68,00;66,00;-2,00;0,00
"16678";"PORTA MOEDA";"42023200";"Loja 3 (CD)";"Loja 1 (Loja)";15,00;0,30;4,50;16,00;1,00;-15,00;0,00
"16698";"1669 FITA ADESIVA DUREX";"85122029";"Loja 1 (Loja)";"Loja 3 (CD)";336,00;58,06;19.508,16;1.849,00;1.513,00;-336,00;0,00
"16724";"OI-0122 ORGANIZADOR DE ROUPAS DE METAL";"73239900";"Loja 1 (Loja)";"Loja 3 (CD)";2,00;1,00;2,00;41,00;39,00;-2,00;0,00
"16739";"OI-0238 - DESCASCADOR DE ALIMENTOS";"82055100";"Loja 1 (Loja)";"Loja 3 (CD)";14,00;0,79;11,06;242,00;228,00;-14,00;0,00
"16742";"OI-0066 - TABUA DE CORTE DE PLASTICO PARA COZINHA";"39241000";"Loja 3 (CD)";"Loja 1 (Loja)";1,00;5,48;5,48;4,00;3,00;-1,00;0,00
"16805";"LKJ-214 UMIDIFICADOR NOTURNO LED MARCA LUATEK MODELOCARREGAMENTO VIA CABO USB";"85098090";"Loja 1 (Loja)";"Loja 3 (CD)";10,00;3,92;39,20;465,00;455,00;-10,00;0,00
"16811";"LKJ-171 UMIDIFICADOR DE AR PURO AROMATIZADOR PORTATIL CARREGAMENTO VIA CABO USB";"85098090";"Loja 1 (Loja)";"Loja 3 (CD)";10,00;1,00;10,00;141,00;131,00;-10,00;0,00
"16813";"BM-R811 RELOGIO DE MESA COM DESPERTADOR ANALOGICO";"91051100";"Loja 3 (CD)";"Loja 1 (Loja)";12,00;4,69;56,28;12,00;0,00;-758,00;-746,00
"16815";"LKJ-190 UMIDIFICADOR DE AR DE USO DOMESTICO COM ILUMINACAO DE LED";"85098090";"Loja 1 (Loja)";"Loja 3 (CD)";36,00;11,81;425,16;583,00;547,00;-36,00;0,00
"16817";"LKJ-216 UMIDIFICADOR DE AR MODELO BOLE DE CRISTAL COM ILUMINACAO NOTURNA EM LED";"85098090";"Loja 1 (Loja)";"Loja 3 (CD)";1,00;8,31;8,31;391,00;390,00;-1,00;0,00
"16820";"LLP-70151-L SACOLAS PARA PRESENTE DE PAPEL COM ESTAMPA DE URSOS";"48194000";"Loja 3 (CD)";"Loja 1 (Loja)";2,00;0,88;1,76;172,00;170,00;-2,00;0,00
"16821";"LKJ-195 UMIDIFICADOR DE AR PURO AROMATIZADOR PORTATILCARREGAMENTO VIA CABO USB";"85098090";"Loja 1 (Loja)";"Loja 3 (CD)";6,00;14,89;89,34;288,00;282,00;-6,00;0,00
"16840";"LLP-70199-L SACOLA DE PRESENTE DE DIVERSAS CORES E FORMAS";"48194000";"Loja 3 (CD)";"Loja 1 (Loja)";3,00;1,46;4,38;30,00;27,00;-3,00;0,00
"16846";"SM729053 PIRANHA";"96151100";"Loja 3 (CD)";"Loja 1 (Loja)";1,00;1,02;1,02;1,00;0,00;-8,00;-7,00
"16848";"BM-F910 MINI PROCESSADOR DE ALIMENTOS PORTATIL MANUAL";"85098090";"Loja 1 (Loja)";"Loja 3 (CD)";36,00;4,10;147,60;107,00;71,00;-36,00;0,00
"16850";"BM-8546 LANTERNA PORTATIL MODELO CAIXA DE FERRAMENTAS";"85131090";"Loja 1 (Loja)";"Loja 3 (CD)";1,00;34,20;34,20;94,00;93,00;-1,00;0,00
"16864";"BM214420 BOLSA FEMININA";"42022220";"Loja 3 (CD)";"Loja 1 (Loja)";2,00;4,65;9,30;19,00;17,00;-2,00;0,00
"16865";"AC21499 BOLSA FEMININA";"42022220";"Loja 3 (CD)";"Loja 1 (Loja)";4,00;4,65;18,60;48,00;44,00;-4,00;0,00
"16866";"AC21506 CARTEIRA";"42022220";"Loja 3 (CD)";"Loja 1 (Loja)";6,00;3,81;22,86;43,00;37,00;-6,00;0,00
"16867";"RBA13035 BRINCO DE METAL";"71171900";"Loja 3 (CD)";"Loja 1 (Loja)";2,00;2,79;5,58;2,00;0,00;-2,00;0,00
"16868";"BL21408 CARTEIRA FEMININA";"42022100";"Loja 3 (CD)";"Loja 1 (Loja)";6,00;3,40;20,40;50,00;44,00;-6,00;0,00
"16872";"AC21504 CARTEIRA FEMININA";"42022220";"Loja 3 (CD)";"Loja 1 (Loja)";7,00;3,72;26,04;46,00;39,00;-7,00;0,00
"16874";"BM21423 BOLSA FEMININA";"42022220";"Loja 3 (CD)";"Loja 1 (Loja)";4,00;4,65;18,60;18,00;14,00;-4,00;0,00
"16875";"AC21572 CARTEIRA";"42022100";"Loja 3 (CD)";"Loja 1 (Loja)";4,00;5,67;22,68;46,00;42,00;-4,00;0,00
"16878";"BL21295 CARTEIRA FEMININA";"42022220";"Loja 3 (CD)";"Loja 1 (Loja)";6,00;3,72;22,32;50,00;44,00;-6,00;0,00
"16879";"PBA57118 BRINCO DE METAL 12 PCS POR DUZIA";"71171900";"Loja 3 (CD)";"Loja 1 (Loja)";1,00;4,46;4,46;1,00;0,00;-1,00;0,00
"16880";"KH30265 BOLSA FEMININA";"42022220";"Loja 3 (CD)";"Loja 1 (Loja)";2,00;4,65;9,30;20,00;18,00;-2,00;0,00
"16881";"AC21570 CARTEIRA FEMININA";"42022220";"Loja 3 (CD)";"Loja 1 (Loja)";5,00;2,79;13,95;53,00;48,00;-5,00;0,00
"16887";"BL21283 M BOLSA  FEMININA M";"42022220";"Loja 3 (CD)";"Loja 1 (Loja)";3,00;3,25;9,75;47,00;44,00;-3,00;0,00
"16889";"A21274 M BOLSA FEMININA M";"42022220";"Loja 3 (CD)";"Loja 1 (Loja)";6,00;5,30;31,80;98,00;92,00;-6,00;0,00
"16890";"BL21281 G BOLSA  FEMININA";"42022220";"Loja 3 (CD)";"Loja 1 (Loja)";8,00;4,65;37,20;40,00;32,00;-8,00;0,00
"16892";"BL21281 P BOLSA  FEMININA";"42022220";"Loja 3 (CD)";"Loja 1 (Loja)";2,00;1,86;3,72;50,00;48,00;-2,00;0,00
"16915";"SLK-A260 FACA LAMINA FIXA PARA PESCA E CACA";"82119220";"Loja 1 (Loja)";"Loja 3 (CD)";8,00;11,47;91,76;14,00;6,00;-8,00;0,00
"16933";"SLK-A236 FACA PARA PESCA E CACA";"82119220";"Loja 1 (Loja)";"Loja 3 (CD)";12,00;5,39;64,68;54,00;42,00;-12,00;0,00
"16940";"C952 BOLSA TERMICA EM POLIESTER";"42022220";"Loja 3 (CD)";"Loja 1 (Loja)";2,00;1,12;2,24;20,00;18,00;-2,00;0,00
"16944";"SLK-A73 FACA PARA PESCA E CACA";"82119220";"Loja 1 (Loja)";"Loja 3 (CD)";53,00;3,56;188,68;55,00;2,00;-53,00;0,00
"16947";"SLK-A96 MACHADINHA PARA PESCA E CACA";"82014000";"Loja 3 (CD)";"Loja 1 (Loja)";2,00;12,67;25,34;8,00;6,00;-2,00;0,00
"16951";"SLK-D11 CANIVETE COM MINI LANTERNA";"82119320";"Loja 3 (CD)";"Loja 1 (Loja)";1,00;2,95;2,95;58,00;57,00;-1,00;0,00
"16954";"SLK-FT03 MACHADINHA TATICA IDEAL PARA CAMPING OU CACA";"82014000";"Loja 1 (Loja)";"Loja 3 (CD)";3,00;11,59;34,77;15,00;12,00;-3,00;0,00
"16957";"SLK-H17 FACA PARA PESCA E CACA";"82119220";"Loja 1 (Loja)";"Loja 3 (CD)";2,00;9,81;19,62;2,00;0,00;-2,00;0,00
"16966";"SLK-D06 FACA PARA PESCA E CACA";"82119220";"Loja 1 (Loja)";"Loja 3 (CD)";10,00;1,00;10,00;79,00;69,00;-10,00;0,00
"16983";"40038-260 ESCOVA PET";"96032900";"Loja 1 (Loja)";"Loja 3 (CD)";4,00;1,00;4,00;61,00;57,00;-4,00;0,00
"16987";"BOM-5622 CORRENTE  MOTOSERRA 8 1/4LP.043-45";"84679100";"Loja 3 (CD)";"Loja 1 (Loja)";5,00;2,79;13,95;82,00;77,00;-5,00;0,00
"17021";"SLK-A255 FACA LAMINA FIXA PARA PESCA E CACA";"82119220";"Loja 1 (Loja)";"Loja 3 (CD)";25,00;1,00;25,00;40,00;15,00;-25,00;0,00
"17072";"46102 - APARADOR DE PELOS - 46104";"62171000";"Loja 1 (Loja)";"Loja 3 (CD)";4,00;2,79;11,16;103,00;99,00;-4,00;0,00
"17074";"46039 ESCOVA PET";"96032900";"Loja 3 (CD)";"Loja 1 (Loja)";4,00;2,79;11,16;11,00;7,00;-4,00;0,00
"17085";"LX501-1 CHAVEIRO";"71171900";"Loja 3 (CD)";"Loja 1 (Loja)";25,00;2,79;69,75;1.159,00;1.134,00;-25,00;0,00
"17086";"YP066-3 CHAVEIRO";"71171900";"Loja 3 (CD)";"Loja 1 (Loja)";15,00;2,79;41,85;573,00;558,00;-15,00;0,00
"17089";"LX502-1 CHAVEIRO";"71171900";"Loja 3 (CD)";"Loja 1 (Loja)";14,00;0,33;4,62;1.187,00;1.173,00;-14,00;0,00
"17104";"LX501-13 CHAVEIRO";"71171900";"Loja 3 (CD)";"Loja 1 (Loja)";11,00;0,28;3,08;1.130,00;1.119,00;-11,00;0,00
"17110";"YP066-2 CHAVEIRO";"71171900";"Loja 3 (CD)";"Loja 1 (Loja)";3,00;0,58;1,74;559,00;556,00;-3,00;0,00
"17116";"YP066-10 CHAVEIRO";"71171900";"Loja 3 (CD)";"Loja 1 (Loja)";3,00;0,58;1,74;537,00;534,00;-3,00;0,00
"17132";"YP501-12 CHAVEIRO";"71171900";"Loja 3 (CD)";"Loja 1 (Loja)";27,00;0,58;15,66;499,00;472,00;-27,00;0,00
"17134";"YP501-15 CHAVEIRO";"71171900";"Loja 3 (CD)";"Loja 1 (Loja)";27,00;0,58;15,66;547,00;520,00;-27,00;0,00
"17136";"YP501-2 CHAVEIRO";"71171900";"Loja 3 (CD)";"Loja 1 (Loja)";29,00;0,77;22,33;894,00;865,00;-29,00;0,00
"17145";"06072 BOLSA DE OMBRO FEMININA";"42029200";"Loja 3 (CD)";"Loja 1 (Loja)";6,00;11,90;71,40;24,00;18,00;-6,00;0,00
"17146";"819 - BOLSAS FEMININA";"42022210";"Loja 3 (CD)";"Loja 1 (Loja)";4,00;18,30;73,20;19,00;15,00;-4,00;0,00
"17150";"06139 BOLSA DE OMBRO FEMININA";"42022210";"Loja 3 (CD)";"Loja 1 (Loja)";4,00;15,07;60,28;42,00;38,00;-4,00;0,00
"17158";"BBA13290 BRINCO DE METAL 12 PCS POR DUZIA";"71171900";"Loja 3 (CD)";"Loja 1 (Loja)";1,00;2,79;2,79;1,00;0,00;-2,00;-1,00
"17167";"YP501-6 CHAVEIRO";"71171900";"Loja 3 (CD)";"Loja 1 (Loja)";2,00;0,58;1,16;571,00;569,00;-2,00;0,00
"17169";"YP501-5 CHAVEIRO";"71171900";"Loja 3 (CD)";"Loja 1 (Loja)";13,00;2,79;36,27;600,00;587,00;-13,00;0,00
"17174";"DBB63082 BRINCO DE METAL 12 PCS POR DUZIA";"71171900";"Loja 3 (CD)";"Loja 1 (Loja)";2,00;2,79;5,58;2,00;0,00;-2,00;0,00
"17178";"YP601-2 CHAVEIRO";"71171900";"Loja 3 (CD)";"Loja 1 (Loja)";4,00;2,79;11,16;20,00;16,00;-4,00;0,00
"17185";"007  CHAPEU DE PALHA";"61046900";"Loja 1 (Loja)";"Loja 3 (CD)";22,00;1,39;30,58;116,00;94,00;-22,00;0,00
"17190";"FCA16375 COLAR E BRINCO COM JUNTO DE METAL";"71171900";"Loja 3 (CD)";"Loja 1 (Loja)";1,00;0,63;0,63;16,00;15,00;-1,00;0,00
"17196";"ACC23047 COLAR DE METAL";"71171900";"Loja 3 (CD)";"Loja 1 (Loja)";3,00;0,52;1,56;29,00;26,00;-3,00;0,00
"17197";"LX502-2 CHAVEIRO";"71171900";"Loja 3 (CD)";"Loja 1 (Loja)";13,00;1,21;15,73;783,00;770,00;-13,00;0,00
"17218";"ACA16513 COLAR BRINCO  DE METAL";"71171900";"Loja 3 (CD)";"Loja 1 (Loja)";2,00;4,09;8,18;4,00;2,00;-2,00;0,00
"17219";"GX10-6689 - BOLSA DE COMPRA DE POLIESTER";"42022220";"Loja 1 (Loja)";"Loja 3 (CD)";18,00;9,66;173,88;75,00;57,00;-18,00;0,00
"17221";"GCA211510 COLAR DE METAL";"71171900";"Loja 3 (CD)";"Loja 1 (Loja)";2,00;1,31;2,62;16,00;14,00;-2,00;0,00
"17223";"IBA12277 BRINCO DE METAL 12 PCS POR DUZIA";"71171900";"Loja 3 (CD)";"Loja 1 (Loja)";2,00;0,40;0,80;18,00;16,00;-2,00;0,00
"17227";"FBA13085 BRINCO DE METAL";"71171900";"Loja 3 (CD)";"Loja 1 (Loja)";1,00;2,79;2,79;32,00;31,00;-1,00;0,00
"17229";"ICA16735 COLAR E BRINCO COM JUNTO DE METAL12 PCS POR DUZIA";"71171900";"Loja 3 (CD)";"Loja 1 (Loja)";5,00;0,70;3,50;20,00;15,00;-5,00;0,00
"17230";"ABA12153 BRINCO DE METAL";"71179000";"Loja 3 (CD)";"Loja 1 (Loja)";4,00;0,60;2,40;24,00;20,00;-4,00;0,00
"17235";"FBA33060 BRINCO DE METAL";"71171900";"Loja 3 (CD)";"Loja 1 (Loja)";3,00;2,79;8,37;16,00;13,00;-3,00;0,00
"17236";"GX80-8520 BOLSINHA FEMININA EM PVC COM ALCA DE OMBRO";"42022210";"Loja 3 (CD)";"Loja 1 (Loja)";8,00;8,77;70,16;21,00;13,00;-8,00;0,00
"17241";"NBA57332 BRINCO DE METAL 12 PCS POR DUZIA";"71171900";"Loja 3 (CD)";"Loja 1 (Loja)";1,00;4,46;4,46;1,00;0,00;-2,00;-1,00
"17244";"GX80-8512 BOLSINHA FEMININA EM PVC COM ALCA DE OMBRO";"42022210";"Loja 3 (CD)";"Loja 1 (Loja)";2,00;9,19;18,38;16,00;14,00;-2,00;0,00
"17251";"GX10-1206-BOLSA DE VIAGEM UNISSEX EM PVC";"42022210";"Loja 1 (Loja)";"Loja 3 (CD)";1,00;13,83;13,83;16,00;15,00;-1,00;0,00
"17254";"GBA13600 BRINCO DE METAL 12";"71171900";"Loja 3 (CD)";"Loja 1 (Loja)";2,00;2,79;5,58;41,00;39,00;-2,00;0,00
"17260";"FBA32045 BRINCO DE METAL";"71171900";"Loja 3 (CD)";"Loja 1 (Loja)";8,00;2,79;22,32;20,00;12,00;-8,00;0,00
"17262";"FBA13390 BRINCO DE METAL";"71171900";"Loja 3 (CD)";"Loja 1 (Loja)";2,00;2,79;5,58;22,00;20,00;-2,00;0,00
"17264";"LBA12410 BRINCO DE METAL";"71171900";"Loja 3 (CD)";"Loja 1 (Loja)";2,00;2,79;5,58;17,00;15,00;-2,00;0,00
"17265";"NBA14078 BRINCO DE METAL";"71171900";"Loja 3 (CD)";"Loja 1 (Loja)";2,00;0,60;1,20;12,00;10,00;-2,00;0,00
"17267";"FBA33012 BRINCO DE METAL";"71171900";"Loja 3 (CD)";"Loja 1 (Loja)";1,00;2,79;2,79;11,00;10,00;-1,00;0,00
"17268";"FBA32026 RINCO DE METAL";"71171900";"Loja 3 (CD)";"Loja 1 (Loja)";2,00;2,79;5,58;30,00;28,00;-2,00;0,00
"17272";"IBA13252 BRINCO DE METAL";"71171900";"Loja 3 (CD)";"Loja 1 (Loja)";1,00;0,45;0,45;30,00;29,00;-1,00;0,00
"17275";"C725 PORTA JOIA";"42029200";"Loja 3 (CD)";"Loja 1 (Loja)";8,00;2,25;18,00;37,00;29,00;-8,00;0,00
"17299";"KBA13602 BRINCO DE METAL 12 PCS POR DUZIA";"71171900";"Loja 3 (CD)";"Loja 1 (Loja)";6,00;2,79;16,74;35,00;29,00;-6,00;0,00
"17306";"1083 NEBULIZADOR";"90192020";"Loja 3 (CD)";"Loja 1 (Loja)";93,00;4,80;446,40;864,00;771,00;-93,00;0,00
"17308";"NTD-161-FITA DE LED RGB COM CONTROLE REMOTO 5M";"94054200";"Loja 1 (Loja)";"Loja 3 (CD)";20,00;1,00;20,00;276,00;256,00;-20,00;0,00
"17311";"AC-69 - CANTONEIRA PARA BANHEIRO DE POLIPROPILENO";"39249000";"Loja 3 (CD)";"Loja 1 (Loja)";3,00;4,99;14,97;5,00;2,00;-3,00;0,00
"17315";"AC-9 - PRATELEIRA MULTIUSO COM VENTOSA EM PVC";"39249000";"Loja 3 (CD)";"Loja 1 (Loja)";6,00;4,99;29,94;30,00;24,00;-6,00;0,00
"17318";"AC-65 SACO A VACUO PARA ALIMENTOS";"42022210";"Loja 3 (CD)";"Loja 1 (Loja)";2,00;2,79;5,58;8,00;6,00;-2,00;0,00
"17319";"AC-113-CAIXA ORGANIZADORA EM OXFORD";"63079090";"Loja 3 (CD)";"Loja 1 (Loja)";6,00;3,45;20,70;6,00;0,00;-9,00;-3,00
"17348";"LE-873V CABO DE DADOS USB PARA MICRO V8";"85444200";"Loja 3 (CD)";"Loja 1 (Loja)";1,00;1,00;1,00;38,00;37,00;-1,00;0,00
"17353";"NTD-098 -KIT 3 LAMPADAS LUMINARIA DE PAREDE DE LED COM CONTROLE REMOTO";"94051190";"Loja 3 (CD)";"Loja 1 (Loja)";6,00;2,40;14,40;9,00;3,00;-6,00;0,00
"17355";"PT-2664 ESCOVA PET";"39269090";"Loja 3 (CD)";"Loja 1 (Loja)";2,00;0,48;0,96;25,00;23,00;-2,00;0,00
"17359";"NEW-306-MASSAGEADOR RECARREGAVEL";"90191000";"Loja 3 (CD)";"Loja 1 (Loja)";10,00;8,03;80,30;17,00;7,00;-10,00;0,00
"17369";"FRJ1 MAQUINA DE COSTURA";"84521000";"Loja 1 (Loja)";"Loja 3 (CD)";20,00;1,00;20,00;348,00;328,00;-20,00;0,00
"17376";"BM-L04 LUMINARIA RING LIGHT DE LED 12 POLEGADAS";"94054200";"Loja 1 (Loja)";"Loja 3 (CD)";10,00;3,16;31,60;80,00;70,00;-10,00;0,00
"17386";"PA-18605 CHAVEIRO PELÚCIA STICH";"96100000";"Loja 3 (CD)";"Loja 1 (Loja)";12,00;1,92;23,04;12,00;0,00;-31,00;-19,00
"17390";"NEW-U32-PEN DRIVE CAPACIDADE DE 32GB";"85235190";"Loja 1 (Loja)";"Loja 3 (CD)";65,00;2,17;141,05;99,00;34,00;-65,00;0,00
"17395";"LUA520-065 TAPETE TERMICO PARA PET";"95030099";"Loja 1 (Loja)";"Loja 3 (CD)";6,00;12,48;74,88;13,00;7,00;-6,00;0,00
"17401";"AC-96- FORMA PARA GELO EM POLIPROPILENO";"39241000";"Loja 3 (CD)";"Loja 1 (Loja)";5,00;1,67;8,35;43,00;38,00;-5,00;0,00
"17408";"1740 OUTROS";"85098090";"Loja 3 (CD)";"Loja 1 (Loja)";15,00;1,20;18,00;84,00;69,00;-15,00;0,00
"17418";"AC-70 ORGANIZADORA MULTIUSO 4 PRATELEIRAS";"73239900";"Loja 3 (CD)";"Loja 1 (Loja)";1,00;7,50;7,50;9,00;8,00;-1,00;0,00
"17422";"2304 ESPELHO C/ MOLDURA PRETO 32CM";"70099200";"Loja 3 (CD)";"Loja 1 (Loja)";14,00;8,93;125,02;68,00;54,00;-14,00;0,00
"17425";"1725 PELUCIA STICH";"48202000";"Loja 1 (Loja)";"Loja 3 (CD)";6,00;13,95;83,70;50,00;44,00;-6,00;0,00
"17436";"AC-16 TOALHA DE MAO PARA COZINHA 100% POLIESTER";"63071000";"Loja 1 (Loja)";"Loja 3 (CD)";23,00;1,00;23,00;123,00;100,00;-23,00;0,00
"17443";"GX10-8848 - BOLSA";"42022220";"Loja 3 (CD)";"Loja 1 (Loja)";9,00;0,87;7,83;228,00;219,00;-9,00;0,00
"17446";"67393-80 CANETA MARCADORA 80 UN";"96082000";"Loja 3 (CD)";"Loja 1 (Loja)";18,00;20,09;361,62;94,00;76,00;-18,00;0,00
"17456";"GX10-6652 BOLSINHA TERMICA UNISSEX EM POLIESTER";"42022220";"Loja 3 (CD)";"Loja 1 (Loja)";20,00;6,14;122,80;32,00;12,00;-20,00;0,00
"17457";"JY-050 - BOLSA DE PRAIA DE POLIESTER";"42022220";"Loja 3 (CD)";"Loja 1 (Loja)";3,00;4,24;12,72;112,00;109,00;-3,00;0,00
"17459";"SOM-419-CAIXINHA DE SOM PORTATIL COM LED E KARAOKE / RADIO FM.";"85271300";"Loja 3 (CD)";"Loja 1 (Loja)";4,00;4,50;18,00;36,00;32,00;-4,00;0,00
"17461";"2028. BOLSA";"42029200";"Loja 3 (CD)";"Loja 1 (Loja)";1,00;4,65;4,65;32,00;31,00;-1,00;0,00
"17463";"31060-48 CANETA MARCADORA 48 UN";"96082000";"Loja 3 (CD)";"Loja 1 (Loja)";36,00;1,80;64,80;180,00;144,00;-36,00;0,00
"17464";"31061-60 CANETA MARCADORA 60 UN";"96082000";"Loja 3 (CD)";"Loja 1 (Loja)";54,00;1,80;97,20;70,00;16,00;-54,00;0,00
"17467";"GX10-7156-NECESSAIRE UNISSEX EM POLIESTER";"42029200";"Loja 3 (CD)";"Loja 1 (Loja)";5,00;1,46;7,30;174,00;169,00;-5,00;0,00
"17476";"67570-24- CANETA MARCADORA 24 UN";"96082000";"Loja 3 (CD)";"Loja 1 (Loja)";29,00;6,03;174,87;82,00;53,00;-29,00;0,00
"17477";"ACA15600 COLAR DE METAL12 PCS POR DUZIA";"71171900";"Loja 3 (CD)";"Loja 1 (Loja)";4,00;3,53;14,12;12,00;8,00;-4,00;0,00
"17478";"XL-HY-07 BOLSA";"42029200";"Loja 3 (CD)";"Loja 1 (Loja)";11,00;1,00;11,00;32,00;21,00;-11,00;0,00
"17479";"2024-99 BOLSA";"42029200";"Loja 3 (CD)";"Loja 1 (Loja)";1,00;13,39;13,39;66,00;65,00;-1,00;0,00
"17484";"C1507- MOCHILA";"42029200";"Loja 3 (CD)";"Loja 1 (Loja)";4,00;4,65;18,60;51,00;47,00;-4,00;0,00
"17487";"C-1511 MOCHILA";"42029200";"Loja 3 (CD)";"Loja 1 (Loja)";1,00;4,65;4,65;47,00;46,00;-1,00;0,00
"17498";"GX-1203-BOLSA TERMICA UNISSEX EM POLIESTER";"42022220";"Loja 3 (CD)";"Loja 1 (Loja)";2,00;10,42;20,84;48,00;46,00;-2,00;0,00
"17499";"6588 BOLSA";"42029200";"Loja 3 (CD)";"Loja 1 (Loja)";1,00;4,65;4,65;21,00;20,00;-1,00;0,00
"17500";"L94952-BOLSA FEMININA DE POLIURETANO";"42022210";"Loja 3 (CD)";"Loja 1 (Loja)";1,00;19,45;19,45;9,00;8,00;-1,00;0,00
"17501";"1043 - 7043  BOLSA";"42029200";"Loja 3 (CD)";"Loja 1 (Loja)";4,00;4,65;18,60;18,00;14,00;-4,00;0,00
"17504";"GX50-0097 BOLSA DE VIAGEM";"42022220";"Loja 3 (CD)";"Loja 1 (Loja)";1,00;9,21;9,21;32,00;31,00;-1,00;0,00
"17510";"XL-2543 BOLSA";"42029200";"Loja 3 (CD)";"Loja 1 (Loja)";1,00;4,65;4,65;77,00;76,00;-1,00;0,00
"17513";"6622-10 BOLSA";"42029200";"Loja 3 (CD)";"Loja 1 (Loja)";2,00;11,90;23,80;16,00;14,00;-2,00;0,00
"17516";"6882 MOCHILA";"42029200";"Loja 3 (CD)";"Loja 1 (Loja)";3,00;4,65;13,95;6,00;3,00;-3,00;0,00
"17542";"GX80-8456  CARTEIRA FEMININA MATERIAL PVC";"42023200";"Loja 3 (CD)";"Loja 1 (Loja)";1,00;2,79;2,79;1,00;0,00;-1,00;0,00
"17563";"YT882-1 BOLSAS";"42022900";"Loja 3 (CD)";"Loja 1 (Loja)";3,00;4,65;13,95;25,00;22,00;-3,00;0,00
"17567";"BMG-46 SUPORTE DE PLASTICO PARA CELULAR";"39269090";"Loja 1 (Loja)";"Loja 3 (CD)";8,00;2,90;23,20;46,00;38,00;-8,00;0,00
"17579";"6617-1 BOLSA";"42029200";"Loja 3 (CD)";"Loja 1 (Loja)";4,00;6,51;26,04;23,00;19,00;-4,00;0,00
"17580";"BM-F953 MARMITA TERMICA ELETRICA DE BAIXA VOLTAGEM PORTATIL";"85167990";"Loja 1 (Loja)";"Loja 3 (CD)";7,00;1,00;7,00;16,00;9,00;-7,00;0,00
"17593";"6266 BOLSAS";"42022900";"Loja 3 (CD)";"Loja 1 (Loja)";2,00;7,90;15,80;18,00;16,00;-2,00;0,00
"17595";"TRC0432 CORTADOR DE VEGETAIS 5 EM 1 7X20X5CM";"82055100";"Loja 1 (Loja)";"Loja 3 (CD)";12,00;4,19;50,28;100,00;88,00;-12,00;0,00
"17596";"OIF-7400 MUNHEQUEIRA ESPORTIVA DE COMPRESSAO";"95069900";"Loja 1 (Loja)";"Loja 3 (CD)";115,00;1,14;131,10;161,00;46,00;-115,00;0,00
"17597";"TRC0494 PRATELEIRA ORGANIZADORA 57X345X56CM";"39249000";"Loja 1 (Loja)";"Loja 3 (CD)";21,00;87,40;1.835,40;122,00;101,00;-21,00;0,00
"17601";"2084 BOLSA";"42029200";"Loja 3 (CD)";"Loja 1 (Loja)";2,00;1,17;2,34;17,00;15,00;-2,00;0,00
"17603";"OIF-7403 JOELHEIRA ESPORTIVA DE COMPRESSAO";"95069900";"Loja 1 (Loja)";"Loja 3 (CD)";156,00;14,55;2.269,80;277,00;121,00;-156,00;0,00
"17604";"OIF-7402 COTOVELEIRA ESPORTIVA DE COMPRESSAO COM FAIXA";"95069900";"Loja 1 (Loja)";"Loja 3 (CD)";12,00;1,69;20,28;86,00;74,00;-12,00;0,00
"17608";"TRC0520 BOLSA TERMICA 32X23X27CM 19L 4 CORES";"42022220";"Loja 1 (Loja)";"Loja 3 (CD)";22,00;5,00;110,00;47,00;25,00;-22,00;0,00
"17621";"1721 / W269 PELUCIA STICH";"48202000";"Loja 1 (Loja)";"Loja 3 (CD)";12,00;1,50;18,00;81,00;69,00;-12,00;0,00
"17624";"TRC0269 ESCOVA P/ PET 19X5.3CM";"96039000";"Loja 1 (Loja)";"Loja 3 (CD)";19,00;3,64;69,16;62,00;43,00;-19,00;0,00
"17646";"TRC1044 CESTA REDONDA DECORATIVA PALHA 25X6.5CM";"46021900";"Loja 3 (CD)";"Loja 1 (Loja)";72,00;5,11;367,92;96,00;24,00;-72,00;0,00
"17653";"YT2527 ORGANIZADOR DE GELADEIRA COM TAMPA E ALCA- 8 COMPARTIMENTOS";"39241000";"Loja 1 (Loja)";"Loja 3 (CD)";12,00;9,20;110,40;84,00;72,00;-12,00;0,00
"17666";"TRC0517 BOLSA TERMICA 22X15X16CM 5L 4 CORES";"42022220";"Loja 1 (Loja)";"Loja 3 (CD)";1,00;10,20;10,20;58,00;57,00;-1,00;0,00
"17668";"TRC0518 BOLSA TERMICA 22X15X24CM 8L 4 CORES";"42022220";"Loja 1 (Loja)";"Loja 3 (CD)";1,00;5,00;5,00;60,00;59,00;-1,00;0,00
"17671";"TOP4980 KIT DE CHAVES ALLEN PONT BOLA LONGA 9PCS";"82041100";"Loja 1 (Loja)";"Loja 3 (CD)";30,00;11,40;342,00;135,00;105,00;-30,00;0,00
"17686";"TRC0840 POTE HERMETICO 1900ML";"39269090";"Loja 3 (CD)";"Loja 1 (Loja)";5,00;4,18;20,90;120,00;115,00;-5,00;0,00
"17688";"YT2573 ORGANIZADOR GIRATORIO 25.5*6.5CM";"39249000";"Loja 1 (Loja)";"Loja 3 (CD)";24,00;6,90;165,60;166,00;142,00;-24,00;0,00
"17691";"YT2494 SUPORTE MULTIUSO 2 ANDARES";"39269090";"Loja 1 (Loja)";"Loja 3 (CD)";16,00;5,27;84,32;50,00;34,00;-16,00;0,00
"17694";"YT2500 ORGANIZADOR MULTIUSO 2 ANDARES GIRATORIO";"39269090";"Loja 1 (Loja)";"Loja 3 (CD)";20,00;5,80;116,00;142,00;122,00;-20,00;0,00
"17697";"TRC0839 POTE HERMETICO 1800ML";"39269090";"Loja 3 (CD)";"Loja 1 (Loja)";3,00;4,05;12,15;149,00;146,00;-3,00;0,00
"17711";"TRC0593 LIXEIRA INTELIGENTE 19X23X30 USB RECARRE";"39249000";"Loja 1 (Loja)";"Loja 3 (CD)";36,00;25,50;918,00;68,00;32,00;-36,00;0,00
"17716";"YT2546 ORGANIZADOR DE GELADEIRA COM TAMPA E ALCA- 3 COMPARTIMENTOS";"39241000";"Loja 1 (Loja)";"Loja 3 (CD)";6,00;5,90;35,40;110,00;104,00;-6,00;0,00
"17748";"YT2529 ORGANIZADOR DE GELADEIRA COM TAMPA E ALCA- 4 COMPARTIMENTOS";"39241000";"Loja 2 (Depósito)";"Loja 3 (CD)";24,00;10,58;253,92;48,00;24,00;-24,00;0,00
"17752";"A885 ORGANIZADOR COM ESPELHO DE GATINHO 40*20*14 CM";"39249000";"Loja 1 (Loja)";"Loja 3 (CD)";24,00;20,87;500,88;291,00;267,00;-24,00;0,00
"17754";"YT2523B ESCORREDOR DE PRATOS 31*25*34CM BRANCO";"73239900";"Loja 1 (Loja)";"Loja 3 (CD)";14,00;7,13;99,82;78,00;64,00;-14,00;0,00
"17768";"YT2450 ORGANIZADOR DE COSMETICOS E MAQUIAGEM DE PAREDE ADESIVO 38*27*10.5CM";"39249000";"Loja 1 (Loja)";"Loja 3 (CD)";15,00;13,66;204,90;106,00;91,00;-15,00;0,00
"17782";"3415 ORGANIZADOR";"42029200";"Loja 3 (CD)";"Loja 1 (Loja)";3,00;1,46;4,38;373,00;370,00;-3,00;0,00
"17795";"BOM-5119 DISCO REBOLO DE DESBASTE - DIAMANTADO";"68042119";"Loja 3 (CD)";"Loja 1 (Loja)";33,00;5,03;165,99;524,00;491,00;-33,00;0,00
"17816";"C766 BOLSA  DE POLIURETANO";"42022210";"Loja 1 (Loja)";"Loja 3 (CD)";9,00;3,00;27,00;11,00;2,00;-9,00;0,00
"17832";"C1009 - G  BOLSA DE POLIURETANO";"42022210";"Loja 3 (CD)";"Loja 1 (Loja)";1,00;4,65;4,65;15,00;14,00;-1,00;0,00
"17837";"C910 BOLSA  DE POLIURETANO";"42022210";"Loja 3 (CD)";"Loja 1 (Loja)";1,00;1,75;1,75;5,00;4,00;-1,00;0,00
"17854";"C831 BOLSA TRANSPARENTE PVC";"42022210";"Loja 3 (CD)";"Loja 1 (Loja)";2,00;2,85;5,70;17,00;15,00;-2,00;0,00
"17855";"C810 BOLSA DE FESTA";"42022210";"Loja 3 (CD)";"Loja 1 (Loja)";1,00;6,80;6,80;1,00;0,00;-1,00;0,00
"17857";"C812 BOLSA DE FESTA";"42022210";"Loja 1 (Loja)";"Loja 3 (CD)";1,00;3,40;3,40;25,00;24,00;-1,00;0,00
"17861";"C700 BOLSA MASCULINA DE POLIURETANO";"42022210";"Loja 3 (CD)";"Loja 1 (Loja)";1,00;0,90;0,90;23,00;22,00;-1,00;0,00
"17871";"A2037-2 BOLSA";"42029200";"Loja 3 (CD)";"Loja 1 (Loja)";1,00;7,44;7,44;36,00;35,00;-1,00;0,00
"17875";"C1042 MOCHILA INFANTIL MATERIAL DE PU";"42029200";"Loja 3 (CD)";"Loja 1 (Loja)";3,00;7,07;21,21;25,00;22,00;-3,00;0,00
"17885";"A92 BOLSA";"42029200";"Loja 3 (CD)";"Loja 1 (Loja)";1,00;12,37;12,37;22,00;21,00;-1,00;0,00
"17891";"C694 BOLSA MASCULINA DE POLIURETANO";"42022210";"Loja 3 (CD)";"Loja 1 (Loja)";6,00;1,75;10,50;19,00;13,00;-6,00;0,00
"17899";"CR-1125 BOLSA MASCULINA DE POLIURETANO";"42022210";"Loja 3 (CD)";"Loja 1 (Loja)";3,00;1,10;3,30;23,00;20,00;-3,00;0,00
"17906";"BK6 BOLSA";"42029200";"Loja 3 (CD)";"Loja 1 (Loja)";2,00;4,65;9,30;34,00;32,00;-2,00;0,00
"17929";"NTC-003 - CONJUNTO TECLADO E MOUSE SEM FIO";"84716052";"Loja 1 (Loja)";"Loja 3 (CD)";5,00;6,00;30,00;95,00;90,00;-5,00;0,00
"17932";"SOM-576-CAIXA DE SOM / LUMINARIA DE LED / CARREGADOR POR INDUCAO";"85271300";"Loja 3 (CD)";"Loja 1 (Loja)";2,00;12,00;24,00;11,00;9,00;-2,00;0,00
"17936";"1795 BOIA AUXILIAR INFANTIL";"63072000";"Loja 1 (Loja)";"Loja 3 (CD)";30,00;1,00;30,00;344,00;314,00;-30,00;0,00
"17941";"NFB-004 - FONE DE OUVIDO BLUETOOTH";"85183000";"Loja 3 (CD)";"Loja 1 (Loja)";12,00;1,50;18,00;81,00;69,00;-12,00;0,00
"17947";"2024-91 MOCHILA";"42029200";"Loja 1 (Loja)";"Loja 3 (CD)";19,00;1,17;22,23;37,00;18,00;-19,00;0,00
"17949";"AL2408 BOLSA";"42029200";"Loja 3 (CD)";"Loja 1 (Loja)";1,00;14,88;14,88;19,00;18,00;-1,00;0,00
"17950";"MOU-150-MOUSE PAD COM APOIO DE PUNHO EM PVC";"39269090";"Loja 1 (Loja)";"Loja 3 (CD)";31,00;1,35;41,85;166,00;135,00;-31,00;0,00
"17953";"NFN-054 FONE DE OUVIDO COM FIO";"85183000";"Loja 1 (Loja)";"Loja 3 (CD)";31,00;1,50;46,50;126,00;95,00;-31,00;0,00
"17966";"UTL-061-CAIXA ORGANIZADORA EM TNT";"63079090";"Loja 3 (CD)";"Loja 1 (Loja)";1,00;1,20;1,20;164,00;163,00;-1,00;0,00
"17967";"NFB-008 - FONE OUVIDO SEM FIO BLUETOOTH";"85183000";"Loja 1 (Loja)";"Loja 3 (CD)";17,00;4,32;73,44;288,00;271,00;-17,00;0,00
"17978";"SLK-D106 FACA PARA CACA E PESCA";"82119220";"Loja 1 (Loja)";"Loja 3 (CD)";1,00;3,21;3,21;128,00;127,00;-1,00;0,00
"17979";"UTL-031-CAIXA ORGANIZADORA EM TNT";"63079090";"Loja 3 (CD)";"Loja 1 (Loja)";2,00;2,25;4,50;143,00;141,00;-2,00;0,00
"17980";"LE-0238 FONE DE OUVIDO";"85183000";"Loja 1 (Loja)";"Loja 3 (CD)";64,00;1,50;96,00;775,00;711,00;-64,00;0,00
"17990";"LE-2420 DE OUVIDO";"85183000";"Loja 1 (Loja)";"Loja 3 (CD)";90,00;3,54;318,60;207,00;117,00;-90,00;0,00
"17992";"7992 CUTE & COMFY SUPER EXTRA EDICAO 06 - LIVRO DE COLORIR";"49030000";"Loja 1 (Loja)";"Loja 3 (CD)";28,00;17,00;476,00;389,00;361,00;-28,00;0,00
"18018";"0058 CHAPEU DE PRAIA";"65040090";"Loja 3 (CD)";"Loja 1 (Loja)";3,00;2,65;7,95;29,00;26,00;-3,00;0,00
"18019";"LEY-2078 - KIT MOUSE E TECLADO COM FIO ILUMINADO RGB PARA GAME";"84716053";"Loja 1 (Loja)";"Loja 3 (CD)";20,00;13,50;270,00;38,00;18,00;-20,00;0,00
"18021";"1821 KIT PULSEIRA 3 UN";"91139000";"Loja 3 (CD)";"Loja 1 (Loja)";10,00;5,21;52,10;486,00;476,00;-10,00;0,00
"18025";"LTB-10002 CANETA COM LIVRO DE COLORIR";"96082000";"Loja 1 (Loja)";"Loja 3 (CD)";100,00;0,07;7,00;255,00;155,00;-100,00;0,00
"18033";"0101 BUCKET STITCH INFANTIL";"65040090";"Loja 3 (CD)";"Loja 1 (Loja)";1,00;4,30;4,30;77,00;76,00;-1,00;0,00
"18048";"88-2 MOCHILA";"42029200";"Loja 3 (CD)";"Loja 1 (Loja)";2,00;4,65;9,30;30,00;28,00;-2,00;0,00
"18057";"F20-4 MOCHILA";"42029200";"Loja 3 (CD)";"Loja 1 (Loja)";3,00;77,00;231,00;441,00;438,00;-3,00;0,00
"18064";"MY-2406 PAINEL PAREDE PVC 16CMX22CMX29M";"39211390";"Loja 3 (CD)";"Loja 1 (Loja)";16,00;16,37;261,92;16,00;0,00;-65,00;-49,00
"18065";"BOM-1542 MACACO HIDRAULICO MANUAL - MAXIMO 2T";"84254200";"Loja 1 (Loja)";"Loja 3 (CD)";7,00;18,76;131,32;35,00;28,00;-7,00;0,00
"18068";"XY-1016 BOLSA";"42029200";"Loja 3 (CD)";"Loja 1 (Loja)";2,00;4,65;9,30;20,00;18,00;-2,00;0,00
"18073";"C895  - P CARTEIRA  DE POLIURETANO";"42022210";"Loja 1 (Loja)";"Loja 3 (CD)";24,00;5,33;127,92;50,00;26,00;-24,00;0,00
"18074";"46035 NEBULIZADOR";"90192020";"Loja 1 (Loja)";"Loja 3 (CD)";22,00;4,65;102,30;409,00;387,00;-22,00;0,00
"18080";"SF-400 BALANÇA";"84231000";"Loja 2 (Depósito)";"Loja 3 (CD)";120,00;2,30;276,00;1.520,00;1.400,00;-120,00;0,00
"18083";"6080-3 BOLSA";"42029200";"Loja 3 (CD)";"Loja 1 (Loja)";1,00;4,65;4,65;58,00;57,00;-1,00;0,00
"18088";"5070 BOLSA";"42029200";"Loja 3 (CD)";"Loja 1 (Loja)";1,00;4,65;4,65;22,00;21,00;-1,00;0,00
"18111";"KM1312 MOCHILA";"42029200";"Loja 3 (CD)";"Loja 1 (Loja)";1,00;11,90;11,90;24,00;23,00;-1,00;0,00
"18118";"KM6897 MOCHILA";"42029200";"Loja 3 (CD)";"Loja 1 (Loja)";1,00;4,65;4,65;40,00;39,00;-1,00;0,00
"18120";"OIH-3205 BALANCA DIGITAL";"84231000";"Loja 3 (CD)";"Loja 1 (Loja)";3,00;4,41;13,23;62,00;59,00;-3,00;0,00
"18121";"OIH-6242 RELOGIO DIGITAL";"91031000";"Loja 3 (CD)";"Loja 1 (Loja)";1,00;4,66;4,66;10,00;9,00;-1,00;0,00
"18127";"TRC1017 PORTA JOIAS 20X11X20CM";"39269090";"Loja 1 (Loja)";"Loja 3 (CD)";25,00;1,00;25,00;60,00;35,00;-25,00;0,00
"18131";"8075-1 MOCHILA";"42029200";"Loja 3 (CD)";"Loja 1 (Loja)";1,00;4,65;4,65;58,00;57,00;-1,00;0,00
"18145";"KM1430 MOCHILA";"42022900";"Loja 3 (CD)";"Loja 1 (Loja)";91,00;4,65;423,15;136,00;45,00;-91,00;0,00
"18149";"XL-HY-06 MOCHILA";"42022900";"Loja 3 (CD)";"Loja 1 (Loja)";12,00;4,65;55,80;54,00;42,00;-12,00;0,00
"18150";"3719 MOCHILA";"42022900";"Loja 1 (Loja)";"Loja 3 (CD)";16,00;4,92;78,72;43,00;27,00;-16,00;0,00
"18151";"6080-5 MOCHILA";"42022900";"Loja 3 (CD)";"Loja 1 (Loja)";3,00;73,50;220,50;36,00;33,00;-3,00;0,00
"18153";"KM1426 MOCHILA";"42022900";"Loja 3 (CD)";"Loja 1 (Loja)";1,00;4,65;4,65;26,00;25,00;-1,00;0,00
"18154";"KM6731 MOCHILA";"42022900";"Loja 3 (CD)";"Loja 1 (Loja)";1,00;6,32;6,32;24,00;23,00;-1,00;0,00
"18156";"KM1469 MOCHILA";"42022900";"Loja 3 (CD)";"Loja 1 (Loja)";1,00;4,65;4,65;35,00;34,00;-1,00;0,00
"18161";"2861-3 BOLSA";"42022900";"Loja 3 (CD)";"Loja 1 (Loja)";38,00;4,65;176,70;56,00;18,00;-38,00;0,00
"18163";"6905 BOLSA";"42022900";"Loja 3 (CD)";"Loja 1 (Loja)";1,00;4,65;4,65;34,00;33,00;-1,00;0,00
"18164";"KM1390 MOCHILA";"42022900";"Loja 3 (CD)";"Loja 1 (Loja)";6,00;4,65;27,90;28,00;22,00;-6,00;0,00
"18189";"AS2132 G5 - CONTENDOR DE ALIMENTOS";"39241000";"Loja 2 (Depósito)";"Loja 3 (CD)";36,00;9,28;334,08;565,00;529,00;-36,00;0,00
"18285";"OIA-8000 PASTA ORGANIZADORA";"39261000";"Loja 1 (Loja)";"Loja 3 (CD)";24,00;4,77;114,48;106,00;82,00;-24,00;0,00
"18292";"OIH-5860 MINI MAQUINA DE COSTURA";"84522990";"Loja 1 (Loja)";"Loja 3 (CD)";1,00;4,13;4,13;285,00;284,00;-1,00;0,00
"18321";"K907 BOLSA  FEMININA";"42022210";"Loja 3 (CD)";"Loja 1 (Loja)";2,00;18,41;36,82;12,00;10,00;-2,00;0,00
"18339";"K9018 BOLSA  FEMININA";"42022210";"Loja 3 (CD)";"Loja 1 (Loja)";3,00;9,45;28,35;15,00;12,00;-3,00;0,00
"18352";"W00-46 BOLSA FEMININA";"42022210";"Loja 3 (CD)";"Loja 1 (Loja)";3,00;9,75;29,25;37,00;34,00;-3,00;0,00
"18356";"BOM-1641 ALICATE DE BICO MEIA-CANA CURVO ISOLADO";"82032010";"Loja 1 (Loja)";"Loja 3 (CD)";39,00;4,30;167,70;130,00;91,00;-39,00;0,00
"18363";"K9009 BOLSA FEMININA";"42022210";"Loja 3 (CD)";"Loja 1 (Loja)";1,00;14,32;14,32;10,00;9,00;-1,00;0,00
"18365";"2488 BOLSA FEMININA";"42022210";"Loja 3 (CD)";"Loja 1 (Loja)";3,00;15,81;47,43;17,00;14,00;-3,00;0,00
"18367";"K906 BOLSA FEMININA";"42022210";"Loja 3 (CD)";"Loja 1 (Loja)";7,00;7,00;49,00;234,00;227,00;-7,00;0,00
"18368";"K9112 BOLSA FEMININA";"42022210";"Loja 3 (CD)";"Loja 1 (Loja)";3,00;7,50;22,50;19,00;16,00;-3,00;0,00
"18376";"W0-26 BOLSA  FEMININA";"42022210";"Loja 3 (CD)";"Loja 1 (Loja)";4,00;9,86;39,44;15,00;11,00;-4,00;0,00
"18457";"NCB-6023-CABO ADAPTADOR P2";"85444200";"Loja 3 (CD)";"Loja 1 (Loja)";4,00;0,75;3,00;170,00;166,00;-4,00;0,00
"18475";"CPN-623 CAMPAINHA RESIDENCIAL SEM FIO A PILHA";"85318000";"Loja 1 (Loja)";"Loja 3 (CD)";20,00;1,00;20,00;319,00;299,00;-20,00;0,00
"18569";"MT-1015 - MICROFONE DINAMICO COM FIO";"85181090";"Loja 3 (CD)";"Loja 1 (Loja)";4,00;5,31;21,24;40,00;36,00;-4,00;0,00
"18622";"C2581 TAPIOQUEIRA PENEIRA E ARMAZENA POLVILHADOR DE TAPIOCA ARMAZENA";"96040000";"Loja 2 (Depósito)";"Loja 3 (CD)";1,00;2,40;2,40;780,00;779,00;-1,00;0,00
"18677";"VS524 CINTO";"39262000";"Loja 3 (CD)";"Loja 1 (Loja)";2,00;1,67;3,34;19,00;17,00;-2,00;0,00
"18710";"008262 CINTO";"83089090";"Loja 3 (CD)";"Loja 1 (Loja)";24,00;2,80;67,20;196,00;172,00;-24,00;0,00
"18715";"AS2367 M - PODE HERMETICO 1400ML";"39241000";"Loja 2 (Depósito)";"Loja 3 (CD)";58,00;1,49;86,42;94,00;36,00;-58,00;0,00
"18718";"AS2367 P - PODE HERMETICO 800ML";"39241000";"Loja 2 (Depósito)";"Loja 3 (CD)";6,00;1,12;6,72;6,00;0,00;-59,00;-53,00
"18718";"AS2367 P - PODE HERMETICO 800ML";"39241000";"Loja 1 (Loja)";"Loja 3 (CD)";53,00;1,12;59,36;851,00;798,00;-53,00;0,00
"18745";"AS2428 RECIPIENTE DE PLASTICO PARA ORGANIZAÇÃO DE GELADEIRA - 31X13X9CM";"39249000";"Loja 1 (Loja)";"Loja 3 (CD)";21,00;0,85;17,85;93,00;72,00;-21,00;0,00
"18746";"BS016-1 SAPATO CROC";"64039990";"Loja 3 (CD)";"Loja 1 (Loja)";15,00;9,30;139,50;84,00;69,00;-15,00;0,00
"18765";"AS2384 - BANDEJA ORGANIZADORA DE MANTIMENTOS";"39241000";"Loja 3 (CD)";"Loja 1 (Loja)";8,00;0,93;7,44;167,00;159,00;-8,00;0,00
"18789";"BR2452 - POTE TIPO VASILHA COM FECHAMENTO POR TAMPA 19L";"39241000";"Loja 3 (CD)";"Loja 1 (Loja)";2,00;1,14;2,28;265,00;263,00;-2,00;0,00
"18795";"TP8025 - TAPETE EMBORRACHADO PARA PISOS MEDINDO 80 X120 CM REFERNCIA TP8020";"40169990";"Loja 3 (CD)";"Loja 1 (Loja)";34,00;2,79;94,86;181,00;147,00;-34,00;0,00
"18798";"JPH28324 PULSEIRA DE METAL 12 CTL POR DUZIA";"71179000";"Loja 3 (CD)";"Loja 1 (Loja)";1,00;1,25;1,25;22,00;21,00;-1,00;0,00
"18806";"APB27155 PULSEIRA DE METAL 12 PCS POR DUZIA";"71171900";"Loja 3 (CD)";"Loja 1 (Loja)";2,00;1,67;3,34;22,00;20,00;-2,00;0,00
"18813";"APCB76006 PULSEIRA DE METAL 12 CTL POR DUZIA";"71179000";"Loja 3 (CD)";"Loja 1 (Loja)";4,00;0,60;2,40;71,00;67,00;-4,00;0,00
"18817";"APCD33502 PULSEIRA DE METAL 12 CTL POR DUZIA";"71179000";"Loja 3 (CD)";"Loja 1 (Loja)";2,00;1,25;2,50;44,00;42,00;-2,00;0,00
"18820";"CW2190 - RECIPIENTE EM MATERIAL PLSTICO PARA ACONDICIONAR";"39249000";"Loja 1 (Loja)";"Loja 3 (CD)";341,00;0,85;289,85;848,00;507,00;-341,00;0,00
"18822";"CW2261 - RECIPIENTE EM MATERIAL PLSTICO PARA ACONDICIONAR";"39249000";"Loja 3 (CD)";"Loja 1 (Loja)";11,00;3,24;35,64;76,00;65,00;-11,00;0,00
"18826";"VBEA41006 BRINCO DE METAL 12 PCS POR DUZIA";"71171900";"Loja 3 (CD)";"Loja 1 (Loja)";2,00;4,93;9,86;2,00;0,00;-3,00;-1,00
"18828";"KM4415 - LENO DE PAPEL UTILIZADO PARA LIMPEZA COM DIMENSO DE 76 DE DIMETRO REFER";"48182000";"Loja 1 (Loja)";"Loja 3 (CD)";39,00;1,95;76,05;179,00;140,00;-39,00;0,00
"18836";"CW2114 - COLEIRA TIPO ARGOLA PARA PETS EM MATERIAL PLSTICO MEDINDO 38 X 38 CM RE";"42010090";"Loja 1 (Loja)";"Loja 3 (CD)";1,00;1,24;1,24;680,00;679,00;-1,00;0,00
"18842";"OPA111400 PULSEIRA DE METAL 12 PCS POR DUZIA";"71171900";"Loja 3 (CD)";"Loja 1 (Loja)";17,00;0,45;7,65;44,00;27,00;-17,00;0,00
"18848";"CW2141 - COLEIRA TIPO ARGOLA PARA PETS";"42010090";"Loja 3 (CD)";"Loja 1 (Loja)";2,00;5,03;10,06;173,00;171,00;-2,00;0,00
"18856";"CW2181 - COLEIRA TIPO ARGOLA PARA PETS";"42010090";"Loja 3 (CD)";"Loja 1 (Loja)";4,00;1,51;6,04;1.396,00;1.392,00;-4,00;0,00
"18857";"GPB28015 PULSEIRA DE METAL 12 CTL POR DUZIA";"71179000";"Loja 3 (CD)";"Loja 1 (Loja)";2,00;0,60;1,20;72,00;70,00;-2,00;0,00
"18861";"CW2148 - FOCINHEIRA PARA CACHORRO";"42010090";"Loja 3 (CD)";"Loja 1 (Loja)";1,00;3,95;3,95;89,00;88,00;-1,00;0,00
"18863";"HPJ02012 PULSEIRA DE METAL 12 PCS POR DUZIA";"71171900";"Loja 3 (CD)";"Loja 1 (Loja)";2,00;1,67;3,34;23,00;21,00;-2,00;0,00
"18870";"CW2231 - ROUPINHA PRA ANIMAL";"42010090";"Loja 3 (CD)";"Loja 1 (Loja)";54,00;2,23;120,42;826,00;772,00;-54,00;0,00
"18873";"JPA19015 PULSEIRA DE METAL 12 CTL POR DUZIA";"71179000";"Loja 3 (CD)";"Loja 1 (Loja)";3,00;0,60;1,80;72,00;69,00;-3,00;0,00
"18874";"JPB021538 PULSEIRA DE METAL 12 CTL POR DUZIA";"71179000";"Loja 3 (CD)";"Loja 1 (Loja)";2,00;5,95;11,90;22,00;20,00;-2,00;0,00
"18884";"CW2244 - MORDEDOR PARA CÃES";"39269090";"Loja 3 (CD)";"Loja 1 (Loja)";4,00;1,95;7,80;474,00;470,00;-4,00;0,00
"18886";"TP8027 - TAPETE EMBORRACHADO PARA PISOS MEDINDO 80 X120 CM";"40169990";"Loja 3 (CD)";"Loja 1 (Loja)";20,00;2,79;55,80;125,00;105,00;-20,00;0,00
"18889";"JPF28304 PULSEIRA DE METAL 12 CTL POR DUZIA";"71179000";"Loja 3 (CD)";"Loja 1 (Loja)";1,00;9,41;9,41;44,00;43,00;-1,00;0,00
"18895";"JPG28826 PULSEIRA DE METAL 12 CTL POR DUZIA";"71179000";"Loja 3 (CD)";"Loja 1 (Loja)";2,00;4,92;9,84;22,00;20,00;-2,00;0,00
"18896";"TP8026 - TAPETE EMBORRACHADO PARA PISOS MEDINDO 80 X120 CM REFERNCIA TP8020";"40169990";"Loja 3 (CD)";"Loja 1 (Loja)";26,00;2,79;72,54;197,00;171,00;-26,00;0,00
"18897";"TP8028 - TAPETE EMBORRACHADO PARA PISOS MEDINDO 80 X120 CM REFERNCIA TP8020";"40169990";"Loja 3 (CD)";"Loja 1 (Loja)";19,00;2,79;53,01;197,00;178,00;-19,00;0,00
"18898";"TP8029 - TAPETE EMBORRACHADO PARA PISOS MEDINDO 80 X120 CM REFERNCIA TP8020";"40169990";"Loja 3 (CD)";"Loja 1 (Loja)";55,00;2,79;153,45;179,00;124,00;-55,00;0,00
"18899";"TP8030 - TAPETE EMBORRACHADO PARA PISOS MEDINDO 80 X120 CM REFERNCIA TP8020";"40169990";"Loja 3 (CD)";"Loja 1 (Loja)";31,00;2,79;86,49;185,00;154,00;-31,00;0,00
"18902";"TP8053  - TAPETE EMBORRACHADO PARA PISOS MEDINDO 80 X120 CM REFERNCIA TP8020";"40169990";"Loja 1 (Loja)";"Loja 3 (CD)";1,00;2,38;2,38;34,00;33,00;-1,00;0,00
"18906";"JPJ02037 PULSEIRA DE METAL 12 CTL POR DUZIA";"71179000";"Loja 3 (CD)";"Loja 1 (Loja)";2,00;0,60;1,20;24,00;22,00;-2,00;0,00
"18908";"TP8057 - TAPETE EMBORRACHADO PARA PISOS MEDINDO 80 X120 CM REFERNCIA TP8020";"40169990";"Loja 3 (CD)";"Loja 1 (Loja)";7,00;2,38;16,66;7,00;0,00;-24,00;-17,00
"18911";"TP8014 - TAPETE EMBORRACHADO PARA PISOS MEDINDO 80 X120 CM REFERNCIA TP8020";"40169990";"Loja 1 (Loja)";"Loja 3 (CD)";30,00;7,30;219,00;162,00;132,00;-30,00;0,00
"18914";"TP8031 - TAPETE EMBORRACHADO PARA PISOS MEDINDO 80 X120 CM REFERNCIA TP8020";"40169990";"Loja 3 (CD)";"Loja 1 (Loja)";2,00;3,41;6,82;330,00;328,00;-2,00;0,00
"18915";"TP8032 - TAPETE EMBORRACHADO PARA PISOS MEDINDO 80 X120 CM REFERNCIA TP8020";"40169990";"Loja 3 (CD)";"Loja 1 (Loja)";15,00;4,65;69,75;323,00;308,00;-15,00;0,00
"18917";"TP8034 - TAPETE EMBORRACHADO PARA PISOS MEDINDO 80 X120 CM REFERNCIA TP8020";"40169990";"Loja 3 (CD)";"Loja 1 (Loja)";3,00;4,65;13,95;349,00;346,00;-3,00;0,00
"18918";"TP8035  - TAPETE EMBORRACHADO PARA PISOS MEDINDO 80 X120 CM REFERNCIA TP8020";"40169990";"Loja 3 (CD)";"Loja 1 (Loja)";4,00;2,81;11,24;342,00;338,00;-4,00;0,00
"18922";"TP8004 - TAPETE EMBORRACHADO PARA PISOS MEDINDO 80 X120 CM REFERNCIA TP8020";"40169990";"Loja 1 (Loja)";"Loja 3 (CD)";20,00;1,78;35,60;1.001,00;981,00;-20,00;0,00
"18924";"TP8005 - TAPETE EMBORRACHADO PARA PISOS MEDINDO 80 X120 CM REFERNCIA";"40169990";"Loja 1 (Loja)";"Loja 3 (CD)";117,00;1,73;202,41;1.508,00;1.391,00;-117,00;0,00
"18928";"JPPG28221 PULSEIRA DE METAL 12 CTL POR DUZIA";"71179000";"Loja 3 (CD)";"Loja 1 (Loja)";1,00;10,56;10,56;22,00;21,00;-1,00;0,00
"18932";"JPPJ28010 PULSEIRA DE METAL 12 CTL POR DUZIA";"71179000";"Loja 3 (CD)";"Loja 1 (Loja)";4,00;1,25;5,00;11,00;7,00;-4,00;0,00
"18939";"CW2187 - MINI ESCOVA PARA LIMPEZA DE PET";"96033000";"Loja 3 (CD)";"Loja 1 (Loja)";141,00;1,46;205,86;2.031,00;1.890,00;-141,00;0,00
"18945";"LPA110205 PULSEIRA DE METAL 12 PCS POR DUZIA";"71171900";"Loja 3 (CD)";"Loja 1 (Loja)";1,00;0,45;0,45;23,00;22,00;-1,00;0,00
"18949";"LPA110435 PULSEIRA DE ACO 12 CTL POR DUZIA";"71179000";"Loja 3 (CD)";"Loja 1 (Loja)";1,00;23,81;23,81;20,00;19,00;-1,00;0,00
"18951";"MPA19065 PULSEIRA DE METAL 12 PCS POR DUZIA";"71171900";"Loja 3 (CD)";"Loja 1 (Loja)";7,00;5,67;39,69;66,00;59,00;-7,00;0,00
"18953";"LPB69105 PULSEIRA DE METAL 12 PCS POR DUZIA";"71171900";"Loja 3 (CD)";"Loja 1 (Loja)";2,00;5,49;10,98;22,00;20,00;-2,00;0,00
"18960";"CW2105 - MINI CORTADOR DE UNHA PARA MATERIAL DE AOCROMO";"82142000";"Loja 3 (CD)";"Loja 1 (Loja)";18.510,00;0,70;12.957,00;18.944,00;434,00;-18.510,00;0,00
"18964";"OPA111215 PULSEIRA DE METAL 12 PCS POR DUZIA";"71179000";"Loja 3 (CD)";"Loja 1 (Loja)";3,00;1,25;3,75;44,00;41,00;-3,00;0,00
"18967";"OPA16015 PULSEIRA DE METAL 12 CTL POR DUZIA";"71179000";"Loja 3 (CD)";"Loja 1 (Loja)";1,00;0,60;0,60;48,00;47,00;-1,00;0,00
"18975";"PPA110205 PULSEIRA DE METAL 12 CTL POR DUZIA";"71179000";"Loja 3 (CD)";"Loja 1 (Loja)";1,00;4,92;4,92;33,00;32,00;-1,00;0,00
"18976";"PPA19015 PULSEIRA DE METAL 12 CTL POR DUZIA";"71179000";"Loja 3 (CD)";"Loja 1 (Loja)";10,00;4,92;49,20;110,00;100,00;-10,00;0,00
"18985";"VBCA41808 BRINCO DE METAL 12 PCS POR DUZIA";"71171900";"Loja 3 (CD)";"Loja 1 (Loja)";4,00;4,70;18,80;33,00;29,00;-4,00;0,00
"18992";"CGAF12105 MINI PIRANHA DE PLASTICO 12PCS POR DUZIA";"96151900";"Loja 3 (CD)";"Loja 1 (Loja)";3,00;1,02;3,06;3,00;0,00;-7,00;-4,00
"19003";"TE-1748 PAPEL DE PAREDE";"48142000";"Loja 3 (CD)";"Loja 1 (Loja)";2,00;5,58;11,16;2,00;0,00;-7,00;-5,00
"19004";"TE-1761 PAPEL DE PAREDE";"48142000";"Loja 3 (CD)";"Loja 1 (Loja)";2,00;5,58;11,16;35,00;33,00;-2,00;0,00
"19005";"TE-1751 PAPEL DE PAREDE";"48142000";"Loja 3 (CD)";"Loja 1 (Loja)";13,00;5,58;72,54;35,00;22,00;-13,00;0,00
"19013";"TE-3763 PAPEL DE PAREDE";"48142000";"Loja 3 (CD)";"Loja 1 (Loja)";15,00;5,58;83,70;18,00;3,00;-15,00;0,00
"19015";"TE-1757 PAPEL DE PAREDE";"48142000";"Loja 3 (CD)";"Loja 1 (Loja)";11,00;5,58;61,38;28,00;17,00;-11,00;0,00
"19017";"TE-1749 PAPEL DE PAREDE";"48142000";"Loja 3 (CD)";"Loja 1 (Loja)";15,00;5,58;83,70;15,00;0,00;-15,00;0,00
"19026";"A2037 BOLSA FEMININA";"42022210";"Loja 3 (CD)";"Loja 1 (Loja)";2,00;9,30;18,60;2,00;0,00;-3,00;-1,00
"19043";"301 BOLSA FEMININA";"42022210";"Loja 3 (CD)";"Loja 1 (Loja)";6,00;10,88;65,28;6,00;0,00;-6,00;0,00
"19044";"AS2134 P2- PODE HERMÉTICO";"39241000";"Loja 1 (Loja)";"Loja 3 (CD)";2,00;1,60;3,20;530,00;528,00;-2,00;0,00
"19046";"1096-2 BOLSA FEMININA";"42022210";"Loja 3 (CD)";"Loja 1 (Loja)";6,00;10,86;65,16;22,00;16,00;-6,00;0,00
"19047";"OR-075 BOLSA FEMININA";"42022210";"Loja 3 (CD)";"Loja 1 (Loja)";2,00;10,69;21,38;29,00;27,00;-2,00;0,00
"19048";"669-3 BOLSA FEMININA";"42022210";"Loja 3 (CD)";"Loja 1 (Loja)";2,00;13,39;26,78;2,00;0,00;-5,00;-3,00
"19052";"OR-188 BOLSA FEMININA";"42022210";"Loja 3 (CD)";"Loja 1 (Loja)";4,00;16,65;66,60;31,00;27,00;-4,00;0,00
"19054";"8874 BOLSA FEMININA";"42022210";"Loja 3 (CD)";"Loja 1 (Loja)";4,00;12,18;48,72;4,00;0,00;-8,00;-4,00
"19055";"Z103 BOLSA FEMININA";"42022210";"Loja 3 (CD)";"Loja 1 (Loja)";1,00;10,26;10,26;1,00;0,00;-2,00;-1,00
"19058";"KF-022 BOLSA FEMININA";"42022210";"Loja 3 (CD)";"Loja 1 (Loja)";6,00;10,41;62,46;28,00;22,00;-6,00;0,00
"19059";"058 BOLSA FEMININA";"42022210";"Loja 3 (CD)";"Loja 1 (Loja)";7,00;11,62;81,34;13,00;6,00;-7,00;0,00
"19061";"YP886-5 BOLSA FEMININA";"42022210";"Loja 3 (CD)";"Loja 1 (Loja)";3,00;8,98;26,94;19,00;16,00;-3,00;0,00
"19064";"9988-2 BOLSA FEMININA";"42022210";"Loja 3 (CD)";"Loja 1 (Loja)";4,00;9,20;36,80;16,00;12,00;-4,00;0,00
"19067";"YT883-2 BOLSA FEMININA";"42022210";"Loja 3 (CD)";"Loja 1 (Loja)";1,00;14,88;14,88;20,00;19,00;-1,00;0,00
"19068";"8872 BOLSA FEMININA";"42022210";"Loja 3 (CD)";"Loja 1 (Loja)";2,00;10,97;21,94;12,00;10,00;-2,00;0,00
"19074";"OR084 BOLSA FEMININA";"42022900";"Loja 3 (CD)";"Loja 1 (Loja)";2,00;4,65;9,30;2,00;0,00;-6,00;-4,00
"19080";"WB31066 BOLSA FEMININA";"42022900";"Loja 3 (CD)";"Loja 1 (Loja)";3,00;8,65;25,95;3,00;0,00;-8,00;-5,00
"19084";"WB2135 BOLSA FEMININA";"42022900";"Loja 3 (CD)";"Loja 1 (Loja)";2,00;4,74;9,48;2,00;0,00;-26,00;-24,00
"19172";"AD2326 - PLACA EM MATERIAL PLSTICO AUTO ADESIVO";"39189000";"Loja 1 (Loja)";"Loja 3 (CD)";149,00;9,70;1.445,30;243,00;94,00;-149,00;0,00
"19186";"AD1044 - PLACA EM MATERIAL PLSTICO AUTO ADESIVO";"39189000";"Loja 3 (CD)";"Loja 1 (Loja)";144,00;4,65;669,60;260,00;116,00;-144,00;0,00
"19189";"AD1047 - PLACA EM MATERIAL PLSTICO AUTO ADESIVO";"39189000";"Loja 3 (CD)";"Loja 1 (Loja)";4,00;9,70;38,80;102,00;98,00;-4,00;0,00
"19191";"AD1049 - PLACA EM MATERIAL PLSTICO AUTO ADESIVO";"39189000";"Loja 3 (CD)";"Loja 1 (Loja)";2,00;9,70;19,40;97,00;95,00;-2,00;0,00
"19192";"AD2260 - PLACA EM MATERIAL PLSTICO AUTO ADESIVO";"39189000";"Loja 3 (CD)";"Loja 1 (Loja)";5,00;10,70;53,50;161,00;156,00;-5,00;0,00
"19193";"AD2261 - PLACA EM MATERIAL PLSTICO AUTO ADESIVO";"39189000";"Loja 3 (CD)";"Loja 1 (Loja)";3,00;10,70;32,10;120,00;117,00;-3,00;0,00
"19194";"AD2262 - PLACA EM MATERIAL PLSTICO AUTO ADESIVO";"39189000";"Loja 3 (CD)";"Loja 1 (Loja)";5,00;10,70;53,50;159,00;154,00;-5,00;0,00
"19198";"AD2270 - PLACA EM MATERIAL PLSTICO AUTO ADESIVO";"39189000";"Loja 3 (CD)";"Loja 1 (Loja)";3,00;10,70;32,10;174,00;171,00;-3,00;0,00
"19199";"AD2273 - PLACA EM MATERIAL PLSTICO AUTO ADESIVO";"39189000";"Loja 3 (CD)";"Loja 1 (Loja)";28,00;10,70;299,60;55,00;27,00;-28,00;0,00
"19201";"AD1012 - PLACA EM MATERIAL PLSTICO AUTO ADESIVO";"39189000";"Loja 3 (CD)";"Loja 1 (Loja)";24,00;10,70;256,80;144,00;120,00;-24,00;0,00
"19202";"AD1013 - PLACA EM MATERIAL PLSTICO AUTO ADESIVO";"39189000";"Loja 3 (CD)";"Loja 1 (Loja)";22,00;10,70;235,40;129,00;107,00;-22,00;0,00
"19203";"AD1014 - PLACA EM MATERIAL PLSTICO AUTO ADESIVO";"39189000";"Loja 3 (CD)";"Loja 1 (Loja)";5,00;10,70;53,50;138,00;133,00;-5,00;0,00
"19206";"AD1017 - PLACA EM MATERIAL PLSTICO AUTO ADESIVO";"39189000";"Loja 3 (CD)";"Loja 1 (Loja)";7,00;10,70;74,90;154,00;147,00;-7,00;0,00
"19249";"886-14 BOLSA FEMININA";"42022900";"Loja 3 (CD)";"Loja 1 (Loja)";6,00;4,65;27,90;10,00;4,00;-6,00;0,00
"19268";"WB31045 BOLSA FEMININA";"42022900";"Loja 3 (CD)";"Loja 1 (Loja)";4,00;4,65;18,60;4,00;0,00;-16,00;-12,00
"19272";"AB-5353 CARTEIRA FEMININA";"42022900";"Loja 3 (CD)";"Loja 1 (Loja)";4,00;2,98;11,92;4,00;0,00;-4,00;0,00
"19279";"LH392 XICARA DE VIDRO C/ BORDA DOURADA 180ML CX:72";"70134900";"Loja 3 (CD)";"Loja 1 (Loja)";45,00;1,78;80,10;60,00;15,00;-45,00;0,00
"19300";"46205 MASSAGEADOR";"90191000";"Loja 3 (CD)";"Loja 1 (Loja)";2,00;18,41;36,82;13,00;11,00;-2,00;0,00
"19301";"46032 MAQUINA DEPILADOR A LASER";"21069030";"Loja 3 (CD)";"Loja 1 (Loja)";2,00;3,00;6,00;16,00;14,00;-2,00;0,00
"19304";"40038-383 CAMERA";"85258929";"Loja 3 (CD)";"Loja 1 (Loja)";1,00;8,37;8,37;20,00;19,00;-1,00;0,00
"19307";"46199 ADESIVO DE PEITO";"35069900";"Loja 1 (Loja)";"Loja 3 (CD)";40,00;0,60;24,00;326,00;286,00;-40,00;0,00
"19311";"CGCG01104 PIRANHA DE PLASTICO 12 CTL POR DUZIA";"96151900";"Loja 3 (CD)";"Loja 1 (Loja)";2,00;4,14;8,28;2,00;0,00;-3,00;-1,00
"19319";"CGBG01002 PIRANHA DE PLASTICO 12 CTL POR DUZIA";"96151900";"Loja 3 (CD)";"Loja 1 (Loja)";44,00;1,02;44,88;480,00;436,00;-44,00;0,00
"19321";"DBCA21501 BRINCO DE METAL 12 PCS POR DUZIA";"71179000";"Loja 3 (CD)";"Loja 1 (Loja)";2,00;0,60;1,20;45,00;43,00;-2,00;0,00
"19341";"MS5660 - PORTA JOIAS DE PLASTICO";"42029200";"Loja 3 (CD)";"Loja 1 (Loja)";14,00;5,06;70,84;532,00;518,00;-14,00;0,00
"19342";"AS2015 - TORNEIRA EM METAL COMUM COM BICO FLEXVEL";"84818019";"Loja 3 (CD)";"Loja 1 (Loja)";1,00;93,79;93,79;441,00;440,00;-1,00;0,00
"19349";"XL-Q-95 BOLSA FEMININA";"42023200";"Loja 3 (CD)";"Loja 1 (Loja)";10,00;4,99;49,90;12,00;2,00;-10,00;0,00
"19351";"066-8 BOLSA FEMININA";"42023200";"Loja 3 (CD)";"Loja 1 (Loja)";7,00;4,94;34,58;25,00;18,00;-7,00;0,00
"19352";"W017 BOLSA FEMININA";"42023200";"Loja 3 (CD)";"Loja 1 (Loja)";1,00;4,94;4,94;30,00;29,00;-1,00;0,00
"19353";"Biblia para criancas";"49019900";"Loja 3 (CD)";"Loja 1 (Loja)";1,00;10,45;10,45;32,00;31,00;-1,00;0,00
"19354";"KL-1521 ABAJUR DECORATIVO LUZ NOTURNA LED CORPO EM ACRILICO";"94052100";"Loja 1 (Loja)";"Loja 3 (CD)";35,00;1,00;35,00;39,00;4,00;-35,00;0,00
"19361";"MS5662 - PORTA JOIAS COM A SUPERFCIE";"42029200";"Loja 3 (CD)";"Loja 1 (Loja)";18.806,00;12,00;225.672,00;19.291,00;485,00;-18.806,00;0,00
"19368";"MS1834  - PORTA JIAS COM A SUPERFCIE";"42029200";"Loja 3 (CD)";"Loja 1 (Loja)";3.135,00;1,17;3.667,95;22.784,00;19.649,00;-3.135,00;0,00
"19369";"TY360701B BRINQ. EDUCATIVO MADEIRA C/ LETRAS E QUADRO BRANCO";"95030099";"Loja 3 (CD)";"Loja 1 (Loja)";1,00;6,70;6,70;60,00;59,00;-1,00;0,00
"19370";"MS5665  - PORTA JIAS COM A SUPERFCIE";"42029200";"Loja 3 (CD)";"Loja 1 (Loja)";23,00;19,90;457,70;374,00;351,00;-23,00;0,00
"19371";"MS1832 - IGNORA E USAR 11296";"42029200";"Loja 2 (Depósito)";"Loja 1 (Loja)";2,00;10,49;20,98;450,00;448,00;-2,00;0,00
"19374";"MS5666 - PORTA JOIAS COM A SUPERFCIE";"42029200";"Loja 2 (Depósito)";"Loja 3 (CD)";72,00;24,65;1.774,80;252,00;180,00;-72,00;0,00
"19397";"MS5680 - PORTA JOIAS COM A SUPERFCIE";"42029200";"Loja 2 (Depósito)";"Loja 3 (CD)";16,00;37,58;601,28;160,00;144,00;-16,00;0,00
"19400";"MS5683 - PORTA JIAS COM A SUPERFCIE";"42029200";"Loja 2 (Depósito)";"Loja 3 (CD)";344,00;3,29;1.131,76;1.200,00;856,00;-344,00;0,00
"19402";"MS5684 - PORTA JIAS COM A SUPERFCIE";"42029200";"Loja 2 (Depósito)";"Loja 3 (CD)";11,00;61,94;681,34;84,00;73,00;-11,00;0,00
"19447";"YT883-3 BOLSA FEMININA";"42023200";"Loja 3 (CD)";"Loja 1 (Loja)";5,00;4,83;24,15;30,00;25,00;-5,00;0,00
"19458";"A99-12 BOLSA FEMININA";"42023200";"Loja 3 (CD)";"Loja 1 (Loja)";2,00;4,73;9,46;30,00;28,00;-2,00;0,00
"19460";"LJ2386 - PLACA EM MATERIAL PLSTICO AUTO ADESIVO";"39189000";"Loja 1 (Loja)";"Loja 3 (CD)";11,00;2,17;23,87;39,00;28,00;-11,00;0,00
"19473";"LJ2393 - PLACA EM MATERIAL PLSTICO AUTO ADESIVO";"39189000";"Loja 1 (Loja)";"Loja 3 (CD)";20,00;2,17;43,40;28,00;8,00;-20,00;0,00
"19474";"TY360691B QUADRO BRANCO MAGNETICO DE MADEIRA C/ ABACO 35X30CM";"95030099";"Loja 3 (CD)";"Loja 1 (Loja)";4,00;13,39;53,56;30,00;26,00;-4,00;0,00
"19484";"8803 BOLSA FEMININA";"42023200";"Loja 3 (CD)";"Loja 1 (Loja)";2,00;4,82;9,64;28,00;26,00;-2,00;0,00
"19499";"QQ5279 - CAIXA ORGANIZADORA EM MATERIAL";"39249000";"Loja 1 (Loja)";"Loja 3 (CD)";288,00;0,85;244,80;379,00;91,00;-288,00;0,00
"19502";"QQ5280 - CAIXA ORGANIZADORA EM MATERIAL";"39249000";"Loja 1 (Loja)";"Loja 3 (CD)";200,00;5,44;1.088,00;429,00;229,00;-200,00;0,00
"19503";"QQ5281 - CAIXA ORGANIZADORA EM MATERIAL";"39249000";"Loja 1 (Loja)";"Loja 3 (CD)";300,00;1,00;300,00;452,00;152,00;-300,00;0,00
"19505";"QQ5282 - CAIXA ORGANIZADORA EM MATERIAL";"39249000";"Loja 1 (Loja)";"Loja 3 (CD)";300,00;0,85;255,00;831,00;531,00;-300,00;0,00
"19506";"QQ5283 - CAIXA ORGANIZADORA EM MATERIAL";"39249000";"Loja 1 (Loja)";"Loja 3 (CD)";322,00;1,00;322,00;471,00;149,00;-322,00;0,00
"19508";"QQ5285 - CAIXA ORGANIZADORA EM MATERIAL";"39249000";"Loja 1 (Loja)";"Loja 3 (CD)";241,00;0,85;204,85;499,00;258,00;-241,00;0,00
"19513";"WB31047 CARTEIRA FEMININA";"42023200";"Loja 3 (CD)";"Loja 1 (Loja)";3,00;4,60;13,80;24,00;21,00;-3,00;0,00
"19517";"3333 BOLSA FEMININA";"42023200";"Loja 3 (CD)";"Loja 1 (Loja)";6,00;4,82;28,92;29,00;23,00;-6,00;0,00
"19528";"WB31046 CARTEIRA FEMININA";"42023200";"Loja 3 (CD)";"Loja 1 (Loja)";3,00;4,60;13,80;3,00;0,00;-6,00;-3,00
"19534";"WB31055 BOLSA FEMININA";"42023200";"Loja 3 (CD)";"Loja 1 (Loja)";4,00;4,75;19,00;12,00;8,00;-4,00;0,00
"19539";"L28 BOLSA FEMININA";"42023200";"Loja 3 (CD)";"Loja 1 (Loja)";4,00;4,68;18,72;10,00;6,00;-4,00;0,00
"19541";"SM-505 MAQUINA DE COSTURA";"84521000";"Loja 3 (CD)";"Loja 1 (Loja)";3,00;43,52;130,56;39,00;36,00;-3,00;0,00
"19542";"MAZ-111B SANDUICHEIRA- 220 V - 750 W - 60 HZ - IPX0 - CLASSE I";"85167990";"Loja 1 (Loja)";"Loja 3 (CD)";5,00;10,49;52,45;17,00;12,00;-5,00;0,00
"19560";"L06 - AP TOYS - MBP09 - MINI BRINQUEDO DE PELUCIA - COSTURA E ENCHIMENTO";"95030031";"Loja 3 (CD)";"Loja 1 (Loja)";17,00;0,65;11,05;1.094,00;1.077,00;-17,00;0,00
"19564";"L02 - AP TOYS - MBP08 - MINI BRINQUEDO DE PELUCIA - COSTURA E ENCHIMENTO";"95030031";"Loja 3 (CD)";"Loja 1 (Loja)";13,00;2,23;28,99;584,00;571,00;-13,00;0,00
"19576";"E12-563102J GRAMPO";"71171900";"Loja 3 (CD)";"Loja 1 (Loja)";2,00;2,79;5,58;5,00;3,00;-2,00;0,00
"19586";"BT-425 CORTADOR DE VIDRO FERRAMENTA DE USO MANUA";"82055900";"Loja 1 (Loja)";"Loja 3 (CD)";20,00;3,36;67,20;104,00;84,00;-20,00;0,00
"19590";"BM-F1062 FORMA DE GELO DE SILICONE COM TAMPA DE PLASTICO";"39241000";"Loja 3 (CD)";"Loja 1 (Loja)";5,00;2,88;14,40;58,00;53,00;-5,00;0,00
"19607";"OF006 BRINQUEDO";"39249000";"Loja 3 (CD)";"Loja 1 (Loja)";60,00;7,73;463,80;60,00;0,00;-103,00;-43,00
"19619";"SM041-003 - LENCO  FEMENINO";"61171000";"Loja 1 (Loja)";"Loja 3 (CD)";60,00;0,54;32,40;1.795,00;1.735,00;-60,00;0,00
"19625";"***NOT  I3825615W11 LENOVO IDEAPAD1 12G";"84713019";"Loja 3 (CD)";"Loja 1 (Loja)";2,00;2.231,07;4.462,14;2,00;0,00;-2,00;0,00
"19633";"OI-0162 FORMA DE GELO DE PLASTICO PARA COZINHA";"39241000";"Loja 1 (Loja)";"Loja 3 (CD)";5,00;9,00;45,00;148,00;143,00;-5,00;0,00
"19651";"OIH-6106 MINI VENTILADOR";"84145990";"Loja 1 (Loja)";"Loja 3 (CD)";11,00;1,37;15,07;92,00;81,00;-11,00;0,00
"19719";"WB31093 CARTEIRA FEMININA";"42023200";"Loja 3 (CD)";"Loja 1 (Loja)";1,00;0,08;0,08;1,00;0,00;-12,00;-11,00
"19740";"WB31109 BOLSA FEMININA";"42023200";"Loja 3 (CD)";"Loja 1 (Loja)";1,00;0,08;0,08;1,00;0,00;-9,00;-8,00
"19783";"TOP1735 ABAJUR DE MESA CERAMICA 34X20CM CX C 24";"94052900";"Loja 1 (Loja)";"Loja 3 (CD)";10,00;15,23;152,30;37,00;27,00;-10,00;0,00
"19786";"TOP1491 ABAJUR CERAMICA 30X12.5CM CX C 24";"94052900";"Loja 1 (Loja)";"Loja 3 (CD)";11,00;14,73;162,03;44,00;33,00;-11,00;0,00
"19788";"TOP1494 ABAJUR MADEIRA 28X14CM CX C 24";"94052900";"Loja 1 (Loja)";"Loja 3 (CD)";13,00;15,33;199,29;43,00;30,00;-13,00;0,00
"19798";"TOP1495 ABAJUR MADEIRA 28X14CM CX C 24";"94052900";"Loja 1 (Loja)";"Loja 3 (CD)";3,00;14,77;44,31;5,00;2,00;-3,00;0,00
"19800";"TOP1773 VENTILADOR PORTATIL RECARREGAVEL 2 VELOCIDADES C  SPRAY DE AGUA  LUZ";"84145190";"Loja 3 (CD)";"Loja 1 (Loja)";16,00;5,49;87,84;16,00;0,00;-33,00;-17,00
"19808";"W3011";"42022220";"Loja 3 (CD)";"Loja 1 (Loja)";2,00;7,07;14,14;29,00;27,00;-2,00;0,00
"19823";"W3011 P BOLSA FEMININA PEQUENO";"42022220";"Loja 3 (CD)";"Loja 1 (Loja)";2,00;4,50;9,00;21,00;19,00;-2,00;0,00
"19836";"W3011 G BOLSA FEMININA GRANDE";"42022220";"Loja 3 (CD)";"Loja 1 (Loja)";1,00;4,50;4,50;18,00;17,00;-1,00;0,00
"19848";"W3013 G BOLSA FEMININA GRANDE";"42022220";"Loja 3 (CD)";"Loja 1 (Loja)";2,00;9,00;18,00;12,00;10,00;-2,00;0,00
"19911";"MR - 082 - CADERNO";"48202000";"Loja 3 (CD)";"Loja 1 (Loja)";4,00;1,50;6,00;60,00;56,00;-4,00;0,00
"19912";"MAZ-103 SC - ESPREMEDOR DE FRUTAS PORTATIL MODELO MAZ-103 MARCA";"85098090";"Loja 2 (Depósito)";"Loja 3 (CD)";2,00;13,65;27,30;240,00;238,00;-2,00;0,00
"19917";"WB311000 CARTEIRA FEMININA";"42023200";"Loja 3 (CD)";"Loja 1 (Loja)";5,00;2,79;13,95;72,00;67,00;-5,00;0,00
"19926";"WB31040 BOLSA FEMININA";"42023200";"Loja 3 (CD)";"Loja 1 (Loja)";5,00;2,19;10,95;34,00;29,00;-5,00;0,00
"19927";"WB31090 CARTEIRA FEMININA";"42023200";"Loja 3 (CD)";"Loja 1 (Loja)";4,00;2,00;8,00;30,00;26,00;-4,00;0,00
"19931";"WB311001 CARTEIRA FEMININA";"42023200";"Loja 3 (CD)";"Loja 1 (Loja)";2,00;3,63;7,26;38,00;36,00;-2,00;0,00
"19932";"WB311002 CARTEIRA FEMININA";"42023200";"Loja 3 (CD)";"Loja 1 (Loja)";1,00;2,79;2,79;51,00;50,00;-1,00;0,00
"19954";"TRC0342 CESTO ORG C/ TAMPA  23.5X16.5X6.5CM";"39241000";"Loja 1 (Loja)";"Loja 3 (CD)";1,00;5,53;5,53;21,00;20,00;-1,00;0,00
"20033";"Q290-0224 ANEL";"71179000";"Loja 3 (CD)";"Loja 1 (Loja)";1,00;10,00;10,00;44,00;43,00;-1,00;0,00
"20038";"UY2109 - BANDEJA  PARA FRITADEIRA DE AR";"39241000";"Loja 3 (CD)";"Loja 1 (Loja)";2.382,00;1,00;2.382,00;5.625,00;3.243,00;-2.382,00;0,00
"20042";"LE-048 SUPORTE PARA CELULAR:";"39269090";"Loja 1 (Loja)";"Loja 3 (CD)";10,00;3,03;30,30;100,00;90,00;-10,00;0,00
"20066";"CC1187 SUPORTE PORTA ESCOVA DE DE";"39249000";"Loja 1 (Loja)";"Loja 3 (CD)";90,00;1,45;130,50;120,00;30,00;-90,00;0,00
"20070";"CC1195 SUPORTE  UTILIZADO COMO PORTA ESCOVA DE DENT";"39249000";"Loja 1 (Loja)";"Loja 3 (CD)";32,00;0,85;27,20;121,00;89,00;-32,00;0,00
"20089";"WM2556-1  LIXEIRA DOMESTICA COM DESIGN MODERNO";"39249000";"Loja 3 (CD)";"Loja 1 (Loja)";3,00;3,62;10,86;24,00;21,00;-3,00;0,00
"20161";"MF8205-E ESTOJO QUADRADO  22*15*6 CM";"42029200";"Loja 3 (CD)";"Loja 1 (Loja)";52,00;7,09;368,68;102,00;50,00;-52,00;0,00
"20183";"MF8208-C KIT MOCHILA JUVENIL FEMININA CARRINHO/ESTOJO/MINI BOLSA";"42029200";"Loja 3 (CD)";"Loja 1 (Loja)";2,00;32,41;64,82;36,00;34,00;-2,00;0,00
"20198";"MF8204-C MOCHILA JUVENIL FEMININA CARRINHO 4 RODAS 20";"42029200";"Loja 3 (CD)";"Loja 1 (Loja)";1,00;42,02;42,02;37,00;36,00;-1,00;0,00
"20239";"CR2151 P   BOLSA FEMININA";"42022210";"Loja 3 (CD)";"Loja 1 (Loja)";4,00;16,40;65,60;25,00;21,00;-4,00;0,00
"20251";"MF8204-18 MOCHILA JUVENIL FEMININA 445*32*145CM";"42029200";"Loja 2 (Depósito)";"Loja 3 (CD)";7,00;17,22;120,54;48,00;41,00;-7,00;0,00
"20258";"CR2143 P  BOLSINHA KIT FEMININA";"42022210";"Loja 3 (CD)";"Loja 1 (Loja)";1,00;1,86;1,86;18,00;17,00;-1,00;0,00
"20271";"CR2137  - P  BOLSINHA KIT FEMININA";"42022210";"Loja 3 (CD)";"Loja 1 (Loja)";6,00;14,80;88,80;38,00;32,00;-6,00;0,00
"20276";"MF8190-C-P MOCHILA JUVENIL FEMININA  DE CARRINHO  18  -42*31*14 CM";"42029200";"Loja 3 (CD)";"Loja 1 (Loja)";1,00;30,28;30,28;27,00;26,00;-1,00;0,00
"20278";"LMF-MZ401 ESCOVA PARA CABELO DE MODELOS E CORES VARIADOS";"96151100";"Loja 3 (CD)";"Loja 1 (Loja)";1,00;4,54;4,54;11,00;10,00;-1,00;0,00
"20287";"LS-981  VENTILADOR ELETRICO CABECA DUPLA DE MESA MODELO";"84145910";"Loja 1 (Loja)";"Loja 3 (CD)";14,00;4,05;56,70;14,00;0,00;-20,00;-6,00
"20289";"LMF-MZ43 PORTA JOIAS COM A SUPERFICIE EXTERIOR DE FOLHAS DE PLASTICO";"42029200";"Loja 3 (CD)";"Loja 1 (Loja)";1,00;7,07;7,07;18,00;17,00;-1,00;0,00
"20298";"LMF-MZ22 ORGANIZADOR PLASTICO MULTIFUNCIONAL";"39269090";"Loja 3 (CD)";"Loja 1 (Loja)";4,00;1,79;7,16;4,00;0,00;-10,00;-6,00
"20308";"VV436 - BOLSA FEMININA";"42022210";"Loja 3 (CD)";"Loja 1 (Loja)";1,00;16,32;16,32;8,00;7,00;-1,00;0,00
"20335";"666-88 RATO ELÉTRICO CARRO INTERATIVO BRINQUEDO DO GATO";"95030080";"Loja 3 (CD)";"Loja 1 (Loja)";66,00;3,72;245,52;192,00;126,00;-66,00;0,00
"20338";"TRC1104 PAPEL DE PAREDE PVC 45CMX5M";"39199020";"Loja 3 (CD)";"Loja 1 (Loja)";58,00;2,46;142,68;259,00;201,00;-58,00;0,00
"20342";"TRC0845 ORGANIZADOR DE JOIAS 9X9X19.5CM";"39269090";"Loja 3 (CD)";"Loja 1 (Loja)";5,00;1,52;7,60;67,00;62,00;-5,00;0,00
"20344";"NTD-103-LUMINARIA DE MESA DE LED";"94052100";"Loja 1 (Loja)";"Loja 3 (CD)";1,00;2,25;2,25;29,00;28,00;-1,00;0,00
"20364";"ION-1011 BATEDEIRA ELETRICA MANUAL SEM FIO";"95045000";"Loja 1 (Loja)";"Loja 3 (CD)";1,00;1,95;1,95;150,00;149,00;-1,00;0,00
"20369";"AC-103 BALANCA DE BANHEIRO";"84231000";"Loja 3 (CD)";"Loja 1 (Loja)";6,00;3,75;22,50;10,00;4,00;-6,00;0,00
"20381";"VIA294 MALA DE VIAGEM G";"42021210";"Loja 3 (CD)";"Loja 1 (Loja)";2,00;78,12;156,24;9,00;7,00;-2,00;0,00
"20407";"BOLSA MATRIZ";"62143000";"Loja 3 (CD)";"Loja 1 (Loja)";84,00;0,91;76,44;350,00;266,00;-84,00;0,00
"20429";"0330/KT-083 PINGENTE DE SANDALIA ADULTO";"64022000";"Loja 3 (CD)";"Loja 1 (Loja)";17,00;27,00;459,00;98,00;81,00;-17,00;0,00
"20431";"ANEL-NCM:71171900- MATRIZ";"71171900";"Loja 3 (CD)";"Loja 1 (Loja)";1.890,00;0,13;245,70;1.890,00;0,00;-3.484,00;-1.594,00
"20441";"OI-0400 - CORTADOR DE FRUTAS";"82055100";"Loja 1 (Loja)";"Loja 3 (CD)";30,00;0,97;29,10;88,00;58,00;-30,00;0,00
"20494";"ST-735 - SORTIDO PARA CHURRASCO COMPOSTO DE QUATRO PECAS";"82152000";"Loja 3 (CD)";"Loja 1 (Loja)";4,00;5,67;22,68;12,00;8,00;-4,00;0,00
"20536";"KP-24CM FRIGIDEIRA";"85167910";"Loja 3 (CD)";"Loja 1 (Loja)";4,00;4,20;16,80;10,00;6,00;-4,00;0,00
"20540";"ESCORREDOR DE LOUCA 73239300 MATRIZ";"73239300";"Loja 3 (CD)";"Loja 1 (Loja)";59,00;1,86;109,74;478,00;419,00;-59,00;0,00
"20553";"MASCARA - NCM:33042010 - MATRIZ";"33042010";"Loja 3 (CD)";"Loja 1 (Loja)";2,00;3,00;6,00;5,00;3,00;-2,00;0,00
"20568";"061-9 BARBIE - KIT DE COLORIR COM 12 LAPIS DE COR";"49030000";"Loja 3 (CD)";"Loja 1 (Loja)";8,00;4,75;38,00;109,00;101,00;-8,00;0,00
"20571";"0605-1 UNICORNIOS - ESCREVA E APAGUE";"49030000";"Loja 3 (CD)";"Loja 1 (Loja)";1,00;7,50;7,50;5,00;4,00;-1,00;0,00
"20578";"UTL-3112 - VARAL DE PAREDE";"39249000";"Loja 1 (Loja)";"Loja 3 (CD)";31,00;1,00;31,00;58,00;27,00;-31,00;0,00
"20588";"BRI1042 BRINQUEDO BOLA AUTOMATICA PARA PET- CARREGAMENTO USB";"95030099";"Loja 1 (Loja)";"Loja 3 (CD)";1,00;1,80;1,80;160,00;159,00;-1,00;0,00
"20590";"SOM-10 CAIXA DE SOM";"85271300";"Loja 1 (Loja)";"Loja 3 (CD)";4,00;1,00;4,00;81,00;77,00;-4,00;0,00
"20612";"TRC1222 DISPENSER MULTIUSO 13.5X5.8X24CM 1200ML";"39241000";"Loja 1 (Loja)";"Loja 3 (CD)";1,00;3,87;3,87;163,00;162,00;-1,00;0,00
"20641";"SNLH3157-4 CAIXA ORGANIZADORA COM INTERIOR EM FOLHAS DE PLASTICO";"42029200";"Loja 1 (Loja)";"Loja 3 (CD)";47,00;3,36;157,92;71,00;24,00;-47,00;0,00
"20671";"BWB-SXL5102  BOLSA TERMICA BOLSA ISOLANTE COM A FUNCAO DE MANTER A TEMPERATURA";"42022220";"Loja 3 (CD)";"Loja 1 (Loja)";3,00;5,50;16,50;98,00;95,00;-3,00;0,00
"20677";"LMF-MZ206 ORGANIZADOR DE PLASTICO PARA MAQUIAGEM";"39269090";"Loja 1 (Loja)";"Loja 3 (CD)";72,00;4,92;354,24;128,00;56,00;-72,00;0,00
"20682";"ETB-XB2601 BOLSA FEMININA COM SUPERFICIE EXTERIOR DE FOLHA DE PLASTICO PVC";"42022210";"Loja 3 (CD)";"Loja 1 (Loja)";15,00;3,88;58,20;19,00;4,00;-15,00;0,00
"20691";"NEWCOOL - TRICICLO";"87116000";"Loja 3 (CD)";"Loja 1 (Loja)";12,00;710,40;8.524,80;12,00;0,00;-12,00;0,00
"20715";"SND207-13 NECESSAIRE COM SUPERFICIE EXTERIOR EM FOLHAS DE PLASTICO";"42029200";"Loja 3 (CD)";"Loja 1 (Loja)";7,00;1,00;7,00;81,00;74,00;-7,00;0,00
"20723";"BD-3525-1 NECESSAIRE COM SUPERFICIE EXTERIOR EM FOLHAS DE PLASTICO";"42029200";"Loja 3 (CD)";"Loja 1 (Loja)";3,00;4,58;13,74;54,00;51,00;-3,00;0,00
"20724";"MSE-2600B - SECADOR DE CABELO SECADOR BEAUTY BLUE - 220V / 2000 W / 60HZ /";"85163100";"Loja 1 (Loja)";"Loja 3 (CD)";24,00;29,42;706,08;66,00;42,00;-24,00;0,00
"20741";"MY-7412 ESCOVA DENTAL ELETRICA 2PC CX-100";"85163200";"Loja 1 (Loja)";"Loja 3 (CD)";14,00;1,00;14,00;130,00;116,00;-14,00;0,00
"20748";"BWB-5125-50 NECESSAIRE COM SUPERFICIE EXTERIOR EM FOLHAS DE PLASTICO";"42029200";"Loja 3 (CD)";"Loja 1 (Loja)";7,00;3,08;21,56;114,00;107,00;-7,00;0,00
"20750";"8064-0 PATRULHA CANINA - KIT DE COLORIR COM 12 LAPIS DE COR";"49030000";"Loja 3 (CD)";"Loja 1 (Loja)";4,00;4,75;19,00;66,00;62,00;-4,00;0,00
"20751";"ETB-XB2583 BOLSA FEMININA  COM SUPERFICIE EXTERIOR DE FOLHA DE PLASTICO PVC";"42022210";"Loja 1 (Loja)";"Loja 3 (CD)";10,00;1,00;10,00;27,00;17,00;-10,00;0,00
"20753";"ETB-XB2599 BOLSA FEMININA COM SUPERFICIE EXTERIOR DE FOLHA DE PLASTICO PVC";"42022210";"Loja 1 (Loja)";"Loja 3 (CD)";29,00;3,86;111,94;29,00;0,00;-42,00;-13,00
"20755";"ETB-XB2585 BOLSA FEMININA COM SUPERFICIE EXTERIOR DE FOLHA DE PLASTICO PVC";"42022210";"Loja 1 (Loja)";"Loja 3 (CD)";94,00;8,00;752,00;95,00;1,00;-94,00;0,00
"20758";"549-2 TOQUE E SINTA - VEICULOS";"49030000";"Loja 3 (CD)";"Loja 1 (Loja)";3,00;10,00;30,00;54,00;51,00;-3,00;0,00
"20766";"201-9 KIT DE PINTURA UNICORNIOS - PINTAR CRIAR E SONHAR";"49030000";"Loja 3 (CD)";"Loja 1 (Loja)";3,00;3,72;11,16;30,00;27,00;-3,00;0,00
"20778";"BOM-3630 CONJUNTO PARA O REPARO DE PNEUS";"35069110";"Loja 1 (Loja)";"Loja 3 (CD)";50,00;1,00;50,00;197,00;147,00;-50,00;0,00
"20780";"BOM-5207 KIT COM 12 FRESAS DE METAL DURO PARA MADEIRA";"82079000";"Loja 1 (Loja)";"Loja 3 (CD)";20,00;9,97;199,40;60,00;40,00;-20,00;0,00
"20792";"J229-3652 KIT COLAR/BRINCO";"71171900";"Loja 3 (CD)";"Loja 1 (Loja)";5,00;6,60;33,00;5,00;0,00;-7,00;-2,00
"20798";"G368-1661 BRINCO";"71171900";"Loja 3 (CD)";"Loja 1 (Loja)";4,00;3,00;12,00;4,00;0,00;-8,00;-4,00
"20804";"518-8 DISNEY BABY - MEUS PRIMEIROS ANIMAIS";"49030000";"Loja 3 (CD)";"Loja 1 (Loja)";6,00;6,50;39,00;16,00;10,00;-6,00;0,00
"20828";"057-2 UNICORNIOS - KIT DE COLORIR COM 12 LAPIS DE COR";"49030000";"Loja 3 (CD)";"Loja 1 (Loja)";2,00;4,75;9,50;92,00;90,00;-2,00;0,00
"20850";"SSH01-3S-2 PORTA JOIAS";"42021210";"Loja 3 (CD)";"Loja 1 (Loja)";257,00;1,30;334,10;6.000,00;5.743,00;-257,00;0,00
"20914";"FKJ-038 MINI EMBALALAGEM SELADORA";"39232190";"Loja 3 (CD)";"Loja 1 (Loja)";48,00;14,50;696,00;370,00;322,00;-48,00;0,00
"20937";"G229-01  ANEL DE METAL";"71171900";"Loja 3 (CD)";"Loja 1 (Loja)";14,00;0,13;1,82;204,00;190,00;-14,00;0,00
"21003";"BM-F1116 POTE DE PLASTICO COM TAMPA HERMETICA E COPINHO MEDIDOR";"39239090";"Loja 2 (Depósito)";"Loja 3 (CD)";51,00;2,20;112,20;88,00;37,00;-51,00;0,00
"21072";"J696-0446 -BRINCO DE PLASTICO";"71179000";"Loja 3 (CD)";"Loja 1 (Loja)";2,00;16,00;32,00;2,00;0,00;-2,00;0,00
"21083";"W325-2102  -PRENDEDORES DE CABELO DE BIJOUTERIA";"71179000";"Loja 3 (CD)";"Loja 1 (Loja)";1,00;0,33;0,33;352,00;351,00;-1,00;0,00
"21098";"BL20705 CARTEIRA";"42029200";"Loja 3 (CD)";"Loja 1 (Loja)";7,00;15,00;105,00;75,00;68,00;-7,00;0,00
"21103";"BLL20738 CARTEIRA";"42029200";"Loja 3 (CD)";"Loja 1 (Loja)";4,00;14,00;56,00;14,00;10,00;-4,00;0,00
"21106";"BL20697 CARTEIRA";"42029200";"Loja 3 (CD)";"Loja 1 (Loja)";4,00;8,80;35,20;62,00;58,00;-4,00;0,00
"21116";"BL20743 CARTEIRA";"42029200";"Loja 3 (CD)";"Loja 1 (Loja)";3,00;11,00;33,00;47,00;44,00;-3,00;0,00
"21122";"BL20703 CARTEIRA";"42029200";"Loja 3 (CD)";"Loja 1 (Loja)";2,00;8,80;17,60;10,00;8,00;-2,00;0,00
"21124";"IS9147 TRAVESSA DE VIDRO PARA MESA 27X9CM";"70134900";"Loja 3 (CD)";"Loja 1 (Loja)";1,00;6,17;6,17;16,00;15,00;-1,00;0,00
"21130";"DS12308 TAPETE ANTIDERRAPANTE";"57019000";"Loja 3 (CD)";"Loja 1 (Loja)";38,00;1,44;54,72;38,00;0,00;-60,00;-22,00
"21140";"DS13038 MASSAGEADOR";"90191000";"Loja 1 (Loja)";"Loja 3 (CD)";1,00;7,50;7,50;4,00;3,00;-1,00;0,00
"21146";"DS13217 PEDAL P EXERCICIOS";"95069100";"Loja 1 (Loja)";"Loja 3 (CD)";20,00;17,50;350,00;24,00;4,00;-20,00;0,00
"21149";"DS13244 ALMOFADA P PESCOCO";"40169590";"Loja 1 (Loja)";"Loja 3 (CD)";9,00;2,50;22,50;41,00;32,00;-9,00;0,00
"21153";"IS9120 NECESSAIRE MAKEUP 26X16X8CM";"42021210";"Loja 3 (CD)";"Loja 1 (Loja)";3,00;3,57;10,71;256,00;253,00;-3,00;0,00
"21158";"IS9032 PRATO TRAVESSA DE VIDRO FOLHA P/ MESA";"70134900";"Loja 3 (CD)";"Loja 1 (Loja)";9,00;3,12;28,08;20,00;11,00;-9,00;0,00
"21159";"DS13531 VARAL RETRATIL";"39269090";"Loja 3 (CD)";"Loja 1 (Loja)";2,00;15,60;31,20;3,00;1,00;-2,00;0,00
"21177";"1461 MASSA PULA E MOLDA 30 CORES SORTIDAS - 300 G - UNICORNIO";"34070010";"Loja 1 (Loja)";"Loja 3 (CD)";13,00;12,17;158,21;70,00;57,00;-13,00;0,00
"21184";"DS14097 PORTA JOIAS";"42029200";"Loja 1 (Loja)";"Loja 3 (CD)";20,00;3,38;67,60;348,00;328,00;-20,00;0,00
"21196";"1553 MALETA DE PINTURA 24 PECAS PRINCESA";"96099000";"Loja 3 (CD)";"Loja 1 (Loja)";1,00;2,79;2,79;69,00;68,00;-1,00;0,00
"21267";"5555 FITA";"85122029";"Loja 3 (CD)";"Loja 1 (Loja)";12,00;1,86;22,32;278,00;266,00;-12,00;0,00
"21287";"BL20192 BOSA TRANSVERSAL";"42021210";"Loja 3 (CD)";"Loja 1 (Loja)";3,00;1,64;4,92;47,00;44,00;-3,00;0,00
"21291";"BL20782 BOLSA MASCULINA";"42021210";"Loja 3 (CD)";"Loja 1 (Loja)";1,00;1,64;1,64;1,00;0,00;-5,00;-4,00
"21310";"TOP4632 ALICATE DE BICO RETO 6";"82032010";"Loja 1 (Loja)";"Loja 3 (CD)";28,00;11,40;319,20;122,00;94,00;-28,00;0,00
"21317";"GDR1519 ROBO COM LUZ E SOM 16CM";"95030097";"Loja 3 (CD)";"Loja 1 (Loja)";1,00;6,75;6,75;7,00;6,00;-1,00;0,00
"21325";"1002 P  BOLSA DE PRAIA";"42022220";"Loja 3 (CD)";"Loja 1 (Loja)";13,00;66,13;859,69;25,00;12,00;-13,00;0,00
"21332";"GDR1203 CARRINHO DE FERRO COM FRICCAO";"95030099";"Loja 3 (CD)";"Loja 1 (Loja)";15,00;2,56;38,40;118,00;103,00;-15,00;0,00
"21341";"AS2368 P - POTE TIPO VASILHA COM FECHAMENTO POR TAMPA EM MATERIAL";"39241000";"Loja 1 (Loja)";"Loja 3 (CD)";130,00;1,00;130,00;252,00;122,00;-130,00;0,00
"21347";"GDR1508 TUBARAO COM SOM E PROJECAO 38X9X9CM";"95030097";"Loja 3 (CD)";"Loja 1 (Loja)";1,00;6,62;6,62;9,00;8,00;-1,00;0,00
"21348";"DCEA31070 COLAR E BRINCO COM JUNTO DE METAL12 PCS POR DUZIA";"71171900";"Loja 3 (CD)";"Loja 1 (Loja)";2,00;5,30;10,60;20,00;18,00;-2,00;0,00
"21359";"EBBA18627 BRINCO DE METAL 12 CTL POR DUZIA";"71179000";"Loja 3 (CD)";"Loja 1 (Loja)";3,00;0,38;1,14;22,00;19,00;-3,00;0,00
"21376";"VBDA51355C BRINCO DE METAL 12 PCS POR DUZIA";"71171900";"Loja 3 (CD)";"Loja 1 (Loja)";1,00;1,06;1,06;8,00;7,00;-1,00;0,00
"21387";"DBBA11847 BRINCO DE METAL 12 CTL POR DUZIA";"71179000";"Loja 3 (CD)";"Loja 1 (Loja)";2,00;0,40;0,80;22,00;20,00;-2,00;0,00
"21391";"GDR1645 ASPIRADOR DE PO 3 EM 1 ROSA 60X14CM";"95030080";"Loja 3 (CD)";"Loja 1 (Loja)";3,00;5,56;16,68;12,00;9,00;-3,00;0,00
"21392";"DBCA11546 BRINCO DE METAL 12 CTL POR DUZIA";"71179000";"Loja 3 (CD)";"Loja 1 (Loja)";3,00;5,74;17,22;34,00;31,00;-3,00;0,00
"21394";"VBCA41811 BRINCO DE METAL 12 PCS POR DUZIA";"71171900";"Loja 3 (CD)";"Loja 1 (Loja)";11,00;10,76;118,36;72,00;61,00;-11,00;0,00
"21398";"EBBA28221 BRINCO DE METAL 12 CTL POR DUZIA";"71179000";"Loja 3 (CD)";"Loja 1 (Loja)";3,00;2,79;8,37;32,00;29,00;-3,00;0,00
"21404";"GDR1158 BRINQ ROBO/OBRA D MONTAR 2 EM 1";"95030060";"Loja 3 (CD)";"Loja 1 (Loja)";13,00;1,33;17,29;99,00;86,00;-13,00;0,00
"21410";"EBCA28215 BRINCO DE METAL 12 CTL POR DUZIA";"71179000";"Loja 3 (CD)";"Loja 1 (Loja)";2,00;0,57;1,14;11,00;9,00;-2,00;0,00
"21431";"GDR1525 ROBO COM LUZ E SOM 21CM";"95030097";"Loja 3 (CD)";"Loja 1 (Loja)";1,00;5,33;5,33;8,00;7,00;-1,00;0,00
"21436";"ABCA21538 BRINCO DE METAL 12 CTL POR DUZIA";"71179000";"Loja 3 (CD)";"Loja 1 (Loja)";7,00;7,17;50,19;17,00;10,00;-7,00;0,00
"21439";"GBBA21356 BRINCO DE METAL 12 PCS POR DUZIA";"71171900";"Loja 3 (CD)";"Loja 1 (Loja)";1,00;0,48;0,48;16,00;15,00;-1,00;0,00
"21477";"GDR1152 BRINQ ROBO/POLICIA D MONTAR 2 EM 1";"95030060";"Loja 3 (CD)";"Loja 1 (Loja)";1,00;4,81;4,81;1,00;0,00;-4,00;-3,00
"21481";"GDR1157 BRINQ ROBO/OBRA D MONTAR 2 EM 1";"95030060";"Loja 3 (CD)";"Loja 1 (Loja)";5,00;1,39;6,95;83,00;78,00;-5,00;0,00
"21484";"GDR1769 SKATE COM RODAS ACENDEM AO GIRAR 60X17CM";"95069900";"Loja 3 (CD)";"Loja 1 (Loja)";1,00;22,10;22,10;3,00;2,00;-1,00;0,00
"21495";"OI-BZ022 - PAPEL DE PAREDE REVESTIDO DE PLASTICO PVC";"48142000";"Loja 3 (CD)";"Loja 1 (Loja)";15,00;0,18;2,70;120,00;105,00;-15,00;0,00
"21505";"GDR1527 MINI FEST FOOD COM ACESSORIOS 50X35X9CM";"95030080";"Loja 3 (CD)";"Loja 1 (Loja)";2,00;1,00;2,00;19,00;17,00;-2,00;0,00
"21507";"OI-BZ037 - PAPEL DE PAREDE REVESTIDO DE PLASTICO PVC";"48142000";"Loja 3 (CD)";"Loja 1 (Loja)";21,00;0,18;3,78;210,00;189,00;-21,00;0,00
"21510";"OI-BZ040 - PAPEL DE PAREDE REVESTIDO DE PLASTICO PVC";"48142000";"Loja 1 (Loja)";"Loja 3 (CD)";30,00;2,97;89,10;71,00;41,00;-30,00;0,00
"21521";"OI-5104 - CONJUNTO 6 PECAS DE FERRAMENTA MANUAL DE METAL";"82054000";"Loja 1 (Loja)";"Loja 3 (CD)";1,00;2,76;2,76;44,00;43,00;-1,00;0,00
"21525";"SRQ-003 MINI MIXER MISTURADOR DE BEBIDAS";"85098090";"Loja 1 (Loja)";"Loja 3 (CD)";31,00;2,13;66,03;62,00;31,00;-31,00;0,00
"21532";"GDR1647 DOCERIA PORTATIL COM ALCA 53X29X10CM";"95030080";"Loja 3 (CD)";"Loja 1 (Loja)";2,00;14,16;28,32;8,00;6,00;-2,00;0,00
"21556";"OIH-2452 MIXER PORTATIL BATEDEIRA";"85098090";"Loja 1 (Loja)";"Loja 3 (CD)";23,00;0,42;9,66;132,00;109,00;-23,00;0,00
"21560";"GDR1202 CARRINHO DE FERRO COM FRICCAO";"95030099";"Loja 3 (CD)";"Loja 1 (Loja)";2,00;2,36;4,72;130,00;128,00;-2,00;0,00
"21570";"GDR1634 MINI KIT MALETA PET SHOP 21X20X6CM";"95030080";"Loja 3 (CD)";"Loja 1 (Loja)";2,00;1,81;3,62;34,00;32,00;-2,00;0,00
"21574";"GDR1483 TECLADO MUSICAL COM USB-C 46CM";"95030091";"Loja 3 (CD)";"Loja 1 (Loja)";4,00;10,54;42,16;9,00;5,00;-4,00;0,00
"21578";"GDR1488 TREM MUSICAL";"95030091";"Loja 3 (CD)";"Loja 1 (Loja)";75,00;10,24;768,00;78,00;3,00;-75,00;0,00
"21579";"YP1541-17 - CONJUNTO COM 2 PECAS SOBRANCELHA";"82142000";"Loja 3 (CD)";"Loja 1 (Loja)";3,00;0,70;2,10;55,00;52,00;-3,00;0,00
"21587";"GDR1492 DINOSSAURO MUSICAL";"95030091";"Loja 3 (CD)";"Loja 1 (Loja)";2,00;3,34;6,68;13,00;11,00;-2,00;0,00
"21589";"GDR1211 CARRINHO DE FERRO COM FRICCAO";"95030099";"Loja 3 (CD)";"Loja 1 (Loja)";5,00;3,07;15,35;138,00;133,00;-5,00;0,00
"21593";"GDR1509 ABELHA DANCARINA COM LUZ E SOM 20X11X8CM";"95030097";"Loja 3 (CD)";"Loja 1 (Loja)";1,00;6,60;6,60;10,00;9,00;-1,00;0,00
"21600";"GDR1410 PATINETE COM LUZ/SOM E ASSENTO 80X56CM";"95030010";"Loja 3 (CD)";"Loja 1 (Loja)";2,00;35,72;71,44;6,00;4,00;-2,00;0,00
"21605";"GDR1470 CARRINHO DE FERRO COLECIONAVEL";"95030099";"Loja 3 (CD)";"Loja 1 (Loja)";1,00;2,65;2,65;48,00;47,00;-1,00;0,00
"21606";"GDR1474 CARRINHO D FERRO COLECIONAVEL 13X5X4CM";"95030099";"Loja 3 (CD)";"Loja 1 (Loja)";4,00;1,48;5,92;36,00;32,00;-4,00;0,00
"21639";"GDR1329 MOCHILA PENTEADEIRA 2 EM 1 40X395X31CM";"95030080";"Loja 3 (CD)";"Loja 1 (Loja)";2,00;12,28;24,56;2,00;0,00;-3,00;-1,00
"21649";"-1 APARADOR REMOVEDOR DE CUTICULA";"39269090";"Loja 3 (CD)";"Loja 1 (Loja)";4,00;0,93;3,72;55,00;51,00;-4,00;0,00
"21654";"BM-F1230 SPRAY BORRIFADOR PARA OLEOS DE COZINHA - CAPACIDADE: 470ML";"70134900";"Loja 1 (Loja)";"Loja 3 (CD)";42,00;3,30;138,60;102,00;60,00;-42,00;0,00
"21657";"BMG-49 SUPORTE UNIVERSAL PARA A TV FIXO";"39269090";"Loja 1 (Loja)";"Loja 3 (CD)";53,00;4,81;254,93;155,00;102,00;-53,00;0,00
"21658";"YP1541-7/6 - PINÇA DE METAL";"82142000";"Loja 3 (CD)";"Loja 1 (Loja)";9,00;2,79;25,11;44,00;35,00;-9,00;0,00
"21665";"TM9009 BOLSA";"42022210";"Loja 3 (CD)";"Loja 1 (Loja)";5,00;3,00;15,00;20,00;15,00;-5,00;0,00
"21666";"YP0515-8 PRESILHA DE CABELO";"96151100";"Loja 3 (CD)";"Loja 1 (Loja)";61,00;0,47;28,67;148,00;87,00;-61,00;0,00
"21668";"W814 CHINELO NUVEM EVA";"64029990";"Loja 3 (CD)";"Loja 1 (Loja)";9,00;9,83;88,47;202,00;193,00;-9,00;0,00
"21674";"TM9056 BOLSA";"42022210";"Loja 3 (CD)";"Loja 1 (Loja)";1,00;14,88;14,88;17,00;16,00;-1,00;0,00
"21675";"B336 BOLSA";"42022210";"Loja 3 (CD)";"Loja 1 (Loja)";2,00;10,13;20,26;22,00;20,00;-2,00;0,00
"21676";"YP0515-4 ARTIGO  PARA CABELO PRENDEDOR";"96151100";"Loja 3 (CD)";"Loja 1 (Loja)";24,00;0,37;8,88;110,00;86,00;-24,00;0,00
"21677";"W822 CHINELO NUVEM EVA";"64029990";"Loja 3 (CD)";"Loja 1 (Loja)";31,00;25,00;775,00;157,00;126,00;-31,00;0,00
"21680";"YP0515-7 PRESILHA DE CABELO";"96151100";"Loja 3 (CD)";"Loja 1 (Loja)";25,00;0,47;11,75;142,00;117,00;-25,00;0,00
"21684";"YP1541-14 UTENSILIO DE METAL COMUM PARA MANICURE ESPATULA EXTRATORA";"82142000";"Loja 3 (CD)";"Loja 1 (Loja)";5,00;4,92;24,60;55,00;50,00;-5,00;0,00
"21686";"YP3328-10 ARTIGO DE PLATICO PARA CABELO PRENDEDOR";"96159000";"Loja 3 (CD)";"Loja 1 (Loja)";1,00;2,48;2,48;55,00;54,00;-1,00;0,00
"21687";"V2336 BOLSA";"42022210";"Loja 3 (CD)";"Loja 1 (Loja)";3,00;3,00;9,00;16,00;13,00;-3,00;0,00
"21688";"YP3328-12 ARTIGO DE PLATICO PARA CABELO PRENDEDOR";"96159000";"Loja 3 (CD)";"Loja 1 (Loja)";13,00;0,50;6,50;110,00;97,00;-13,00;0,00
"21690";"1002  MOCILHA";"42022210";"Loja 3 (CD)";"Loja 1 (Loja)";2,00;14,10;28,20;20,00;18,00;-2,00;0,00
"21692";"M8022  MOCHILA";"42022210";"Loja 3 (CD)";"Loja 1 (Loja)";2,00;16,30;32,60;20,00;18,00;-2,00;0,00
"21695";"8793 MOCHILA";"42022210";"Loja 3 (CD)";"Loja 1 (Loja)";3,00;16,00;48,00;20,00;17,00;-3,00;0,00
"21698";"1006 MOCHILA";"42022210";"Loja 3 (CD)";"Loja 1 (Loja)";2,00;8,00;16,00;20,00;18,00;-2,00;0,00
"21699";"X040 MOCHILA";"42022210";"Loja 3 (CD)";"Loja 1 (Loja)";2,00;8,00;16,00;20,00;18,00;-2,00;0,00
"21700";"X035 BOLSA";"42022210";"Loja 3 (CD)";"Loja 1 (Loja)";5,00;3,00;15,00;17,00;12,00;-5,00;0,00
"21706";"X066  BOLSA";"42022210";"Loja 3 (CD)";"Loja 1 (Loja)";1,00;10,20;10,20;20,00;19,00;-1,00;0,00
"21707";"D473 BOLSA";"42022210";"Loja 3 (CD)";"Loja 1 (Loja)";2,00;8,00;16,00;20,00;18,00;-2,00;0,00
"21708";"V2414  BOLSA";"42022210";"Loja 3 (CD)";"Loja 1 (Loja)";1,00;2,00;2,00;13,00;12,00;-1,00;0,00
"21709";"X141 BOLSA";"42022210";"Loja 3 (CD)";"Loja 1 (Loja)";2,00;8,00;16,00;20,00;18,00;-2,00;0,00
"21710";"V2424 BOLSA";"42022210";"Loja 3 (CD)";"Loja 1 (Loja)";1,00;8,00;8,00;20,00;19,00;-1,00;0,00
"21712";"V2390 BOLSA";"42022210";"Loja 3 (CD)";"Loja 1 (Loja)";2,00;6,10;12,20;12,00;10,00;-2,00;0,00
"21714";"J12 BOLSA";"42022210";"Loja 3 (CD)";"Loja 1 (Loja)";8,00;8,00;64,00;50,00;42,00;-8,00;0,00
"21718";"JET001 BOLSA";"42022210";"Loja 3 (CD)";"Loja 1 (Loja)";1,00;5,76;5,76;20,00;19,00;-1,00;0,00
"21721";"X003 BOLSA";"42022210";"Loja 3 (CD)";"Loja 1 (Loja)";1,00;3,00;3,00;20,00;19,00;-1,00;0,00
"21739";"BM-F1272 SAPATEIRA VERTICAL PARTE EXTERNA DE TNT E CONECTORES DE PLASTICO";"39249000";"Loja 1 (Loja)";"Loja 3 (CD)";2,00;17,27;34,54;68,00;66,00;-2,00;0,00
"21751";"BM-F1284 POTE HERMETICOS DE VIDRO COM TAMPA";"70139900";"Loja 1 (Loja)";"Loja 3 (CD)";13,00;9,42;122,46;53,00;40,00;-13,00;0,00
"21764";"BM-F1318 KIT DE 2 GALHEITEIRO (AZEITE E VINAGRE) 300ML";"70134900";"Loja 1 (Loja)";"Loja 3 (CD)";35,00;7,64;267,40;77,00;42,00;-35,00;0,00
"21769";"BM-F1335 CONJUNTO DE QUATRO POTES RETANGULARES COM TAMPA";"39239090";"Loja 1 (Loja)";"Loja 3 (CD)";27,00;6,86;185,22;98,00;71,00;-27,00;0,00
"21770";"BOLSA MATRIZ";"42022210";"Loja 3 (CD)";"Loja 1 (Loja)";15,00;5,04;75,60;63,00;48,00;-15,00;0,00
"21782";"BM-F1365 DISPENSADOR PARA PAPEL FILME/PAPEL ALUMINIO";"39241000";"Loja 1 (Loja)";"Loja 3 (CD)";9,00;3,94;35,46;89,00;80,00;-9,00;0,00
"21803";"BM-8696B EXTENSÃO COM 5 TOMADAS + 4 USB CABO 2 METROS BIVOLT";"85363090";"Loja 1 (Loja)";"Loja 3 (CD)";19,00;7,29;138,51;81,00;62,00;-19,00;0,00
"21828";"MTG-404 SUPORTE DE PLASTICO PARA CELULAR (UNIVERSAL) -";"39269090";"Loja 1 (Loja)";"Loja 3 (CD)";55,00;1,00;55,00;81,00;26,00;-55,00;0,00
"21829";"MT-C001 INTERCOMUNICADOR P CAPACETE DE MOTO FONE E MICROFONE EMBUTIDOS";"85183000";"Loja 1 (Loja)";"Loja 3 (CD)";10,00;68,40;684,00;45,00;35,00;-10,00;0,00
"21847";"A0198 MINI CAMERA USB PARA COMPUTADOR";"85258919";"Loja 1 (Loja)";"Loja 3 (CD)";14,00;3,03;42,42;150,00;136,00;-14,00;0,00
"21848";"BM-8635 CABO COM CONECTOR USB PARA IOS - TAMANHO: 12M";"85049090";"Loja 1 (Loja)";"Loja 3 (CD)";540,00;0,59;318,60;2.388,00;1.848,00;-540,00;0,00
"21853";"BMG-54 SUPORTE DE PLASTICO PARA CELULAR";"39269090";"Loja 1 (Loja)";"Loja 3 (CD)";5,00;2,69;13,45;152,00;147,00;-5,00;0,00
"21863";"GDR1283 MODELADOR DE CABELO 5 EM 1 220 VOLTS";"85163200";"Loja 3 (CD)";"Loja 1 (Loja)";4,00;46,13;184,52;23,00;19,00;-4,00;0,00
"21876";"OI-0603 -  1 DISPENSER PARA SABONETE LIQUIDO";"39249000";"Loja 1 (Loja)";"Loja 3 (CD)";5,00;6,76;33,80;19,00;14,00;-5,00;0,00
"21884";"OI-BZ072 - PAPEL ADESIVO : 60CMX5M";"39189000";"Loja 1 (Loja)";"Loja 3 (CD)";60,00;4,76;285,60;151,00;91,00;-60,00;0,00
"21921";"10414 CADERNO KBOM  AZUL 96 FOLHAS";"48202000";"Loja 3 (CD)";"Loja 1 (Loja)";4,00;1,86;7,44;9,00;5,00;-4,00;0,00
"21923";"OIF-7900 SUPORTE PARA CELULAR";"39269090";"Loja 1 (Loja)";"Loja 3 (CD)";7,00;4,55;31,85;37,00;30,00;-7,00;0,00
"21925";"10213 CADERNO LOLY 1 MATERIA";"48202000";"Loja 3 (CD)";"Loja 1 (Loja)";5,00;10,70;53,50;20,00;15,00;-5,00;0,00
"21946";"110010 FRIGIDEIRA WOK IRON MAX INDUCAO 18CM";"73239900";"Loja 3 (CD)";"Loja 1 (Loja)";4,00;11,57;46,28;30,00;26,00;-4,00;0,00
"21978";"AKT2634 CUBO MAX";"95030099";"Loja 3 (CD)";"Loja 1 (Loja)";31,00;2,79;86,49;182,00;151,00;-31,00;0,00
"21981";"10149 CADERNO  UNIV 15MATERIAS";"48202000";"Loja 3 (CD)";"Loja 1 (Loja)";1,00;10,50;10,50;5,00;4,00;-1,00;0,00
"21996";"AKT3988 CARRO DINO";"95030099";"Loja 3 (CD)";"Loja 1 (Loja)";10,00;4,00;40,00;28,00;18,00;-10,00;0,00
"21998";"AKT4079 MOTO RADICAL";"95030098";"Loja 3 (CD)";"Loja 1 (Loja)";5,00;4,10;20,50;16,00;11,00;-5,00;0,00
"22005";"AKT4271 DARDO VELCRO";"95030099";"Loja 3 (CD)";"Loja 1 (Loja)";2,00;6,42;12,84;18,00;16,00;-2,00;0,00
"22022";"AKT4360 ANIMAIS JURASSICO MINI 12 PCS";"95030099";"Loja 3 (CD)";"Loja 1 (Loja)";4,00;3,23;12,92;47,00;43,00;-4,00;0,00
"22031";"AKT4389 BOLHA DE SABAO DISPLAY PATO";"95030099";"Loja 3 (CD)";"Loja 1 (Loja)";40,00;2,79;111,60;99,00;59,00;-40,00;0,00
"22036";"AKT4484 LAGARTA COM CORDA";"95030099";"Loja 3 (CD)";"Loja 1 (Loja)";3,00;4,14;12,42;16,00;13,00;-3,00;0,00
"22040";"AKT4533 MINI NAVE ESPACIAL";"95030099";"Loja 3 (CD)";"Loja 1 (Loja)";4,00;2,26;9,04;22,00;18,00;-4,00;0,00
"22043";"TOP1254 TABUA PLASTICA P  CORTE 36.8X22.5CM CX C 24";"39241000";"Loja 1 (Loja)";"Loja 3 (CD)";1,00;3,29;3,29;105,00;104,00;-1,00;0,00
"22051";"TOP1258 TABUA PLASTICA  P/CORTE";"39241000";"Loja 1 (Loja)";"Loja 3 (CD)";24,00;2,57;61,68;133,00;109,00;-24,00;0,00
"22059";"AKT4618 QUEBRA CABECA PISTA DINO";"95030099";"Loja 3 (CD)";"Loja 1 (Loja)";1,00;3,76;3,76;28,00;27,00;-1,00;0,00
"22060";"AKT4619 QUEBRA CABECA PISTA TREM";"95030099";"Loja 3 (CD)";"Loja 1 (Loja)";2,00;3,76;7,52;30,00;28,00;-2,00;0,00
"22066";"AKT4692 MOTO COM MOTOQUEIRO FRICCAO";"95030098";"Loja 3 (CD)";"Loja 1 (Loja)";4,00;4,15;16,60;32,00;28,00;-4,00;0,00
"22070";"AKT4705 BONECO DE MONTAR GUERREIRO DO";"95030099";"Loja 3 (CD)";"Loja 1 (Loja)";9,00;3,39;30,51;28,00;19,00;-9,00;0,00
"22087";"10775 CADERNO  JURASSIC WORLD";"48202000";"Loja 3 (CD)";"Loja 1 (Loja)";1,00;10,70;10,70;12,00;11,00;-1,00;0,00
"22118";"10810 CADERNO ESCOLAR MORAGUINHO 10 MATÉRIAS";"48202000";"Loja 3 (CD)";"Loja 1 (Loja)";1,00;27,17;27,17;8,00;7,00;-1,00;0,00
"22142";"BLL90224 BOLSA FEMININA";"42022220";"Loja 3 (CD)";"Loja 1 (Loja)";2,00;75,00;150,00;25,00;23,00;-2,00;0,00
"22209";"CA20085 CONJUNTO DE CESTOS ORGANIZADORES CONTENDO 4 PECAS";"39249000";"Loja 1 (Loja)";"Loja 3 (CD)";9,00;15,78;142,02;21,00;12,00;-9,00;0,00
"22265";"CX181 CONJUNTO COM 3 BANDEJAS REDONDAS EM  MDF; MEDIDAS: 195CM 235CM E 30CM";"44199000";"Loja 1 (Loja)";"Loja 3 (CD)";24,00;6,44;154,56;96,00;72,00;-24,00;0,00
"22280";"D1304 PROCESSADOR DE ALIMENTOS ELETRICO VERMELHO 17X85X12CM";"82100090";"Loja 1 (Loja)";"Loja 3 (CD)";30,00;7,11;213,30;97,00;67,00;-30,00;0,00
"22315";"LEY-1729 - LAMPADA DE LED COLORIDA (RGB) GIRATORIA DE LED PARA FESTA";"85395200";"Loja 3 (CD)";"Loja 1 (Loja)";24,00;3,00;72,00;92,00;68,00;-24,00;0,00
"22342";"XL24104 - CESTA EM INOX - 28 CM";"73239300";"Loja 1 (Loja)";"Loja 3 (CD)";24,00;2,28;54,72;87,00;63,00;-24,00;0,00
"22355";"XL24137 BATEDOR DE CLARA - 273CM";"82055100";"Loja 1 (Loja)";"Loja 3 (CD)";13,00;1,00;13,00;78,00;65,00;-13,00;0,00
"22357";"XL24093 PEGADOR DE MASSAS - 29 CM";"82159910";"Loja 1 (Loja)";"Loja 3 (CD)";57,00;1,41;80,37;208,00;151,00;-57,00;0,00
"22358";"XL24184 FACA 12'";"82119210";"Loja 1 (Loja)";"Loja 3 (CD)";12,00;24,43;293,16;33,00;21,00;-12,00;0,00
"22361";"XL24120 CESTA COZIMENTO A VAPOR 16X40CM";"73239300";"Loja 1 (Loja)";"Loja 3 (CD)";5,00;12,43;62,15;16,00;11,00;-5,00;0,00
"22369";"XL24087 AMASSADOR DE BATATAS - 24CM";"82055100";"Loja 1 (Loja)";"Loja 3 (CD)";80,00;1,00;80,00;177,00;97,00;-80,00;0,00
"22371";"XL24168 CONJUNTO PARA CHURRCONJUNTO CONJUNTO PARA CHURRASCO 3 PCS";"82152000";"Loja 1 (Loja)";"Loja 3 (CD)";24,00;4,74;113,76;80,00;56,00;-24,00;0,00
"22377";"XL24178 - CUTELO 8' - 333CM";"82119210";"Loja 1 (Loja)";"Loja 3 (CD)";24,00;16,00;384,00;68,00;44,00;-24,00;0,00
"22379";"XL24182 FACA 8'";"82119210";"Loja 1 (Loja)";"Loja 3 (CD)";12,00;16,40;196,80;29,00;17,00;-12,00;0,00
"22381";"XL24142 ESPATULA RETA 5''";"82159910";"Loja 1 (Loja)";"Loja 3 (CD)";24,00;2,56;61,44;139,00;115,00;-24,00;0,00
"22383";"XL24179 FACA 6.5";"82119210";"Loja 1 (Loja)";"Loja 3 (CD)";25,00;13,01;325,25;42,00;17,00;-25,00;0,00
"22384";"LEY-2237 - SUPORTE DE BICICLETA EM ALUMINIO PARA CELULAR";"76169900";"Loja 1 (Loja)";"Loja 3 (CD)";11,00;8,45;92,95;66,00;55,00;-11,00;0,00
"22408";"XL24119 CESTA COZIMENTO A VAPOR 14CM";"73239300";"Loja 1 (Loja)";"Loja 3 (CD)";1,00;7,91;7,91;16,00;15,00;-1,00;0,00
"22414";"D-7844 BOLSA FEMININA COR VINHO";"42022220";"Loja 3 (CD)";"Loja 1 (Loja)";1,00;15,00;15,00;24,00;23,00;-1,00;0,00
"22422";"XL24141 ESPATULA RETA - 24CM";"82159910";"Loja 1 (Loja)";"Loja 3 (CD)";23,00;2,42;55,66;113,00;90,00;-23,00;0,00
"22423";"XL24136 CORTADOR DE PIZZA - 19CM";"82055100";"Loja 1 (Loja)";"Loja 3 (CD)";25,00;2,53;63,25;61,00;36,00;-25,00;0,00
"22427";"XL24147 - RALADOR 4 FACES - 247 CM";"82055100";"Loja 1 (Loja)";"Loja 3 (CD)";36,00;3,45;124,20;127,00;91,00;-36,00;0,00
"22452";"XL24035 GARFO DE MESA 6 PECAS";"82159910";"Loja 1 (Loja)";"Loja 3 (CD)";1,00;3,22;3,22;124,00;123,00;-1,00;0,00
"22456";"XL24029 GARFO DE MESA 6 PECAS - INOX";"82159910";"Loja 1 (Loja)";"Loja 3 (CD)";100,00;1,00;100,00;398,00;298,00;-100,00;0,00
"22469";"XL24048 FACA DE CHURRASCO COR VERMELHO";"82119100";"Loja 3 (CD)";"Loja 1 (Loja)";17,00;0,25;4,25;1.165,00;1.148,00;-17,00;0,00
"22482";"XL24052 ESPATULA PARA MANTEIGA COR VERMELHO";"82159910";"Loja 3 (CD)";"Loja 1 (Loja)";8,00;0,62;4,96;119,00;111,00;-8,00;0,00
"22502";"MAZ-120B PIPOQUEIRA - TAMANHO: 22*18*39CM - 220 V - 1100 W - 60 HZ";"85167990";"Loja 1 (Loja)";"Loja 3 (CD)";4,00;19,40;77,60;18,00;14,00;-4,00;0,00
"22588";"MY-7271 CORTINA LED CX-100";"91029900";"Loja 3 (CD)";"Loja 1 (Loja)";2,00;19,80;39,60;90,00;88,00;-2,00;0,00
"22654";"MG20593 BOLSA FEMININA";"42022210";"Loja 1 (Loja)";"Loja 3 (CD)";9,00;55,00;495,00;20,00;11,00;-9,00;0,00
"22665";"10144 CADERNO GIRL POEW";"48202000";"Loja 1 (Loja)";"Loja 3 (CD)";4,00;1,50;6,00;6,00;2,00;-4,00;0,00
"22707";"OI-0403 - CORTADOR DE LEGUMES COM ARMAZENAMENTO";"82055100";"Loja 1 (Loja)";"Loja 3 (CD)";4,00;18,00;72,00;62,00;58,00;-4,00;0,00
"22719";"JJ-002- AV PORTA JOIA DE";"42029200";"Loja 1 (Loja)";"Loja 2 (Depósito)";16,00;1,00;16,00;703,00;687,00;-16,00;0,00
"22767";"TSY RELGIO DE PULSO UNIS";"91021220";"Loja 3 (CD)";"Loja 1 (Loja)";138,00;6,12;844,56;4.101,00;3.963,00;-138,00;0,00
"22772";"HO-20821-3 BOLSA FEMININA TAMANHO: PEQUENO";"42022210";"Loja 3 (CD)";"Loja 1 (Loja)";52,00;36,60;1.903,20;84,00;32,00;-52,00;0,00
"22775";"BOM-5541 KIT TUBO TERMORRETRATIL";"39269090";"Loja 1 (Loja)";"Loja 3 (CD)";80,00;0,60;48,00;771,00;691,00;-80,00;0,00
"22823";"10210 CADERNO";"48202000";"Loja 1 (Loja)";"Loja 3 (CD)";15,00;7,82;117,30;15,00;0,00;-15,00;0,00
"22834";"YR-383 TOUCA";"85163200";"Loja 3 (CD)";"Loja 1 (Loja)";15,00;2,14;32,10;100,00;85,00;-15,00;0,00
"22835";"LUX037-334 KIT PINCEL DE MAKE";"33041000";"Loja 3 (CD)";"Loja 1 (Loja)";11,00;1,08;11,88;36,00;25,00;-11,00;0,00
"22836";"04 ESCOVA DE CABELO";"96032900";"Loja 3 (CD)";"Loja 1 (Loja)";9,00;2,79;25,11;71,00;62,00;-9,00;0,00
"22857";"CPV-127 FITA CORRETIVA CAPIVARA";"38249929";"Loja 3 (CD)";"Loja 1 (Loja)";20,00;4,92;98,40;100,00;80,00;-20,00;0,00
"22861";"LUX761-370  PINCEL";"96033000";"Loja 3 (CD)";"Loja 1 (Loja)";24,00;0,30;7,20;530,00;506,00;-24,00;0,00
"22882";"XYL-1158  CONJUNTO DE BALÕES";"39199090";"Loja 3 (CD)";"Loja 1 (Loja)";311,00;1,35;419,85;460,00;149,00;-311,00;0,00
"22893";"BOM-1126 CHAVE PHILLIPS DE 12 POLEGADAS";"84672992";"Loja 3 (CD)";"Loja 1 (Loja)";8,00;1,91;15,28;120,00;112,00;-8,00;0,00
"22916";"NF:26 BONECA";"95030022";"Loja 3 (CD)";"Loja 1 (Loja)";97,00;4,00;388,00;379,00;282,00;-97,00;0,00
"22955";"BM-F1371 PROCESSADOR DE ALIMENTOS PORTATIL MANUAL";"39241000";"Loja 1 (Loja)";"Loja 3 (CD)";78,00;5,22;407,16;281,00;203,00;-78,00;0,00
"22966";"BM-F1353 MINI MAQUINA DE LAVAR PORTATIL/DOBRAVEL";"85098090";"Loja 1 (Loja)";"Loja 3 (CD)";6,00;27,19;163,14;57,00;51,00;-6,00;0,00
"22973";"BL20124 BOLSA MASCULINA";"42022220";"Loja 1 (Loja)";"Loja 3 (CD)";10,00;24,00;240,00;57,00;47,00;-10,00;0,00
"23002";"BLL8817 BOLSA TRANSVERSAL";"42022220";"Loja 1 (Loja)";"Loja 3 (CD)";19,00;16,00;304,00;80,00;61,00;-19,00;0,00
"23011";"BLL8825 BOLSA TRANSVERSAL";"42022220";"Loja 1 (Loja)";"Loja 3 (CD)";30,00;20,00;600,00;75,00;45,00;-30,00;0,00
"23031";"BLL8818 POCHETE TRANSVERSAL";"42022220";"Loja 1 (Loja)";"Loja 3 (CD)";44,00;16,00;704,00;169,00;125,00;-44,00;0,00
"23058";"BA-17698 TAPETE DE ENCAIXAR COM LETRAS E NUMEROS7X7X07CM";"95030099";"Loja 1 (Loja)";"Loja 3 (CD)";12,00;2,72;32,64;65,00;53,00;-12,00;0,00
"23069";"BLL8822 BOLSA MASCULINA";"42029200";"Loja 1 (Loja)";"Loja 3 (CD)";5,00;20,00;100,00;83,00;78,00;-5,00;0,00
"23109";"365 CACA PALAVRAS - MEIO AMBIENTE";"49019900";"Loja 3 (CD)";"Loja 1 (Loja)";5,00;2,70;13,50;52,00;47,00;-5,00;0,00
"23110";"365 HISTORIAS BIBLICAS PARA LER E OUVIR";"49019900";"Loja 3 (CD)";"Loja 1 (Loja)";1,00;2,14;2,14;49,00;48,00;-1,00;0,00
"23115";"LIVRO QUEBRA - CABECA PQ. - O NASCIMENTO DE JESUS";"49019900";"Loja 3 (CD)";"Loja 1 (Loja)";7,00;1,21;8,47;83,00;76,00;-7,00;0,00
"23116";"365 DESENHOS PARA MENINAS";"49019900";"Loja 3 (CD)";"Loja 1 (Loja)";2,00;5,70;11,40;43,00;41,00;-2,00;0,00
"23117";"C1192 BOLSA";"42022210";"Loja 3 (CD)";"Loja 1 (Loja)";21,00;5,80;121,80;60,00;39,00;-21,00;0,00
"23120";"APRENDA DESENHAR - VOL 2 CAPA AZUL";"49019900";"Loja 3 (CD)";"Loja 1 (Loja)";3,00;0,93;2,79;117,00;114,00;-3,00;0,00
"23122";"LIVRO QUEBRA - CABECA PQ. - CHAPEUZINHO VERMELHO";"49019900";"Loja 3 (CD)";"Loja 1 (Loja)";4,00;1,21;4,84;65,00;61,00;-4,00;0,00
"23123";"LIVRO QUEBRA - CABECA PQ. - A ARCA DE NOE";"49019900";"Loja 3 (CD)";"Loja 1 (Loja)";6,00;1,21;7,26;75,00;69,00;-6,00;0,00
"23124";"LIVRO QUEBRA - CABECA PQ. - JONAS E O GRANDE PEIXE";"49019900";"Loja 3 (CD)";"Loja 1 (Loja)";16,00;1,21;19,36;53,00;37,00;-16,00;0,00
"23131";"MEU PRIMEIRO QUEBRA CABECA - MEIOS DE TRANSPORTE";"49019900";"Loja 3 (CD)";"Loja 1 (Loja)";6,00;2,79;16,74;45,00;39,00;-6,00;0,00
"23133";"APRENDA A ESCREVER! NUMEROS";"49019900";"Loja 3 (CD)";"Loja 1 (Loja)";2,00;3,53;7,06;19,00;17,00;-2,00;0,00
"23136";"APRENDA A ESCREVER! PRIMEIRAS PALAVRAS";"49019900";"Loja 3 (CD)";"Loja 1 (Loja)";5,00;3,53;17,65;15,00;10,00;-5,00;0,00
"23143";"BOM-6514 ESQUADRO COMBINADO COM NIVEL E REGUA";"90172000";"Loja 3 (CD)";"Loja 1 (Loja)";14,00;3,07;42,98;58,00;44,00;-14,00;0,00
"23145";"PARA LER COLORIR E BRINCAR - ANIMAIS DA FAZENDA";"49019900";"Loja 3 (CD)";"Loja 1 (Loja)";5,00;1,77;8,85;23,00;18,00;-5,00;0,00
"23146";"PARA LER COLORIR E BRINCAR - SUPER CARROS";"49019900";"Loja 3 (CD)";"Loja 1 (Loja)";9,00;1,77;15,93;30,00;21,00;-9,00;0,00
"23147";"C833 BOLSA";"42022210";"Loja 3 (CD)";"Loja 1 (Loja)";1,00;14,00;14,00;30,00;29,00;-1,00;0,00
"23150";"PUXE E RESOLVA - ADICAO E SUBTRACAO";"49019900";"Loja 3 (CD)";"Loja 1 (Loja)";2,00;4,28;8,56;19,00;17,00;-2,00;0,00
"23152";"PUXE E RESOLVA - MULTIPLICACAO E DIVISAO";"49019900";"Loja 3 (CD)";"Loja 1 (Loja)";28,00;4,28;119,84;44,00;16,00;-28,00;0,00
"23153";"MEU PRIMEIRO QUEBRA-CABECA - ANIMAIS MARINHOS";"49019900";"Loja 3 (CD)";"Loja 1 (Loja)";6,00;2,79;16,74;32,00;26,00;-6,00;0,00
"23154";"CURIOSIDADES DO CORPO HUMANO - CAPA DURA VERMELHO";"49019900";"Loja 3 (CD)";"Loja 1 (Loja)";2,00;5,30;10,60;34,00;32,00;-2,00;0,00
"23157";"H8871 CHURRASQUEIRA MALETA DOBRÁVEL A CARVÃO";"73211900";"Loja 3 (CD)";"Loja 1 (Loja)";8,00;47,50;380,00;12,00;4,00;-8,00;0,00
"23159";"BOM-7642 PULVERIZADOR ELETRICO PORTATIL";"84248990";"Loja 3 (CD)";"Loja 1 (Loja)";2,00;16,67;33,34;5,00;3,00;-2,00;0,00
"23178";"TRC1189 DISPENSER MULTIUSO 11.8X9.5X19CM";"39241000";"Loja 1 (Loja)";"Loja 3 (CD)";60,00;1,00;60,00;103,00;43,00;-60,00;0,00
"23182";"TRC1232 CESTO ORG C/ TAMPA 24.5X16.5X13CM";"39241000";"Loja 1 (Loja)";"Loja 3 (CD)";26,00;1,00;26,00;75,00;49,00;-26,00;0,00
"23254";"W486-1904 KIT 6 MECHAS DE CABELO COLORIDO";"67041100";"Loja 3 (CD)";"Loja 1 (Loja)";2,00;1,12;2,24;31,00;29,00;-2,00;0,00
"23259";"23259 COLAR";"71171100";"Loja 3 (CD)";"Loja 1 (Loja)";38,00;2,42;91,96;222,00;184,00;-38,00;0,00
"23266";"23266 PULSEIRA";"71171100";"Loja 3 (CD)";"Loja 1 (Loja)";21,00;1,30;27,30;158,00;137,00;-21,00;0,00
"23267";"23267 ANEL";"71171100";"Loja 3 (CD)";"Loja 1 (Loja)";4,00;1,77;7,08;586,00;582,00;-4,00;0,00
"23275";"AP1202 APONTADOR PLÁSTICO REDONDO - POTE 100UN";"82141000";"Loja 3 (CD)";"Loja 1 (Loja)";22.315,00;0,71;15.843,65;23.277,00;962,00;-22.315,00;0,00
"23348";"CA0523 CANETA ESFEROGRÁFICA 1.0MM";"96081000";"Loja 1 (Loja)";"Loja 3 (CD)";72,00;55,11;3.967,92;737,00;665,00;-72,00;0,00
"23373";"MEU LIVRO COM XILOFONE";"49030000";"Loja 3 (CD)";"Loja 1 (Loja)";3,00;20,90;62,70;10,00;7,00;-3,00;0,00
"23386";"LUX210133 NECESSECER";"42023900";"Loja 3 (CD)";"Loja 1 (Loja)";5,00;4,28;21,40;209,00;204,00;-5,00;0,00
"23399";"CO2740 COLA BRANCA LÍQUIDA - 40GR";"35061090";"Loja 1 (Loja)";"Loja 3 (CD)";44,00;16,82;740,08;221,00;177,00;-44,00;0,00
"23400";"CO4590 COLA BRANCA LÍQUIDA - 90G";"35061090";"Loja 1 (Loja)";"Loja 3 (CD)";30,00;25,50;765,00;182,00;152,00;-30,00;0,00
"23404";"CA2051 MARCA TEXTO LIP MARKER";"96082000";"Loja 1 (Loja)";"Loja 3 (CD)";24,00;36,86;884,64;725,00;701,00;-24,00;0,00
"23406";"CA2053 MARCA TEXTO PONTA DUPLA CLEAN TIP";"96082000";"Loja 1 (Loja)";"Loja 3 (CD)";60,00;42,77;2.566,20;683,00;623,00;-60,00;0,00
"23418";"CA3202 MARCADOR QUADRO BRANCO DASHLIGHT - PRETO";"96082000";"Loja 1 (Loja)";"Loja 3 (CD)";36,00;0,07;2,52;114,00;78,00;-36,00;0,00
"23435";"CR1812 CORRETIVO LÍQUIDO 18ML";"38249929";"Loja 1 (Loja)";"Loja 3 (CD)";5,00;11,92;59,60;125,00;120,00;-5,00;0,00
"23447";"LUX222412 LIXA DE PÉS";"82142000";"Loja 3 (CD)";"Loja 1 (Loja)";13,00;0,16;2,08;480,00;467,00;-13,00;0,00
"23458";"Quando Tenho Coragem";"49030000";"Loja 3 (CD)";"Loja 1 (Loja)";3,00;6,65;19,95;20,00;17,00;-3,00;0,00
"23466";"COMO FUNCIONA O MEU CORPO?";"49030000";"Loja 3 (CD)";"Loja 1 (Loja)";1,00;15,20;15,20;15,00;14,00;-1,00;0,00
"23479";"GR5000 GRAMPO GALVANIZADO 26/6";"83052000";"Loja 1 (Loja)";"Loja 3 (CD)";14,00;1,83;25,62;69,00;55,00;-14,00;0,00
"23505";"LP7211 LÁPIS HB RESINA REDONDO COM BORRACHA";"96091000";"Loja 1 (Loja)";"Loja 3 (CD)";597,00;18,28;10.913,16;3.350,00;2.753,00;-597,00;0,00
"23593";"LP7212 LÁPIS HB - RESINA REDONDO COM BORRACHA";"96091000";"Loja 1 (Loja)";"Loja 3 (CD)";144,00;1,00;144,00;3.101,00;2.957,00;-144,00;0,00
"23601";"LP7216 LÁPIS HB RESINA REDONDO";"96091000";"Loja 1 (Loja)";"Loja 3 (CD)";216,00;1,00;216,00;1.178,00;962,00;-216,00;0,00
"23628";"S CADERNO DESENHO PROFISSIO 45 FOL 21X29CM";"48202000";"Loja 3 (CD)";"Loja 1 (Loja)";2,00;4,41;8,82;42,00;40,00;-2,00;0,00
"23695";"C1204 NECESSAIRE EM POLIESTER";"42029200";"Loja 1 (Loja)";"Loja 3 (CD)";12,00;3,00;36,00;68,00;56,00;-12,00;0,00
"23746";"TOP1033 FORMA SILICONE ONDULADA C  ALCA PARA AIR FRYER 16X14X5.5CM CX C 60";"39241000";"Loja 3 (CD)";"Loja 1 (Loja)";2,00;1,70;3,40;15,00;13,00;-2,00;0,00
"23779";"LWJ-164 JOGO DE BROCAS ESCALONADAS";"82075019";"Loja 1 (Loja)";"Loja 3 (CD)";10,00;1,00;10,00;147,00;137,00;-10,00;0,00
"23794";"MASSA DE MODELAR EVA PULA E MOLDA 300G - 3 PALAVRINHAS";"34070010";"Loja 3 (CD)";"Loja 1 (Loja)";1,00;13,63;13,63;39,00;38,00;-1,00;0,00
"23796";"MASSA DE MODELAR EVA PULA E MOLDA 150G - ENALDINHO";"34070010";"Loja 1 (Loja)";"Loja 3 (CD)";5,00;9,25;46,25;59,00;54,00;-5,00;0,00
"23799";"MASSA DE MODELA EVA PULA E MOLDA 70G  - TURMA DA MONICA";"34070010";"Loja 3 (CD)";"Loja 1 (Loja)";1,00;6,04;6,04;36,00;35,00;-1,00;0,00
"23823";"MS3011 ORGANIZADOR TIPO RACK";"94037000";"Loja 3 (CD)";"Loja 1 (Loja)";115,00;36,64;4.213,60;4.520,00;4.405,00;-115,00;0,00
"23825";"MS3010 SUPORTE TIPO PRATELEIRA EM MATERIAL";"39249000";"Loja 2 (Depósito)";"Loja 3 (CD)";20,00;0,85;17,00;20,00;0,00;-33,00;-13,00
"23825";"MS3010 SUPORTE TIPO PRATELEIRA EM MATERIAL";"39249000";"Loja 1 (Loja)";"Loja 3 (CD)";13,00;0,85;11,05;1.233,00;1.220,00;-13,00;0,00
"23837";"BOM-5571 GRAMPO TIPO RETO 8MM PARA GRAMPEADOR";"83052000";"Loja 1 (Loja)";"Loja 3 (CD)";1,00;3,44;3,44;101,00;100,00;-1,00;0,00
"23841";"P302 REGUA PREMIUM 30 CM AZUL";"90172000";"Loja 3 (CD)";"Loja 1 (Loja)";8,00;1,64;13,12;61,00;53,00;-8,00;0,00
"23853";"305 REGUA 30 CM PRATA";"90172000";"Loja 1 (Loja)";"Loja 3 (CD)";2,00;1,38;2,76;46,00;44,00;-2,00;0,00
"23881";"DV80451 BANDEJA DECORATIVA";"70139900";"Loja 1 (Loja)";"Loja 3 (CD)";7,00;11,42;79,94;32,00;25,00;-7,00;0,00
"23884";"DV80472 CADERNETA";"48201000";"Loja 1 (Loja)";"Loja 3 (CD)";24,00;2,63;63,12;92,00;68,00;-24,00;0,00
"23886";"DV80507 BANDEJA DECORATIVA";"70139900";"Loja 3 (CD)";"Loja 1 (Loja)";1,00;12,69;12,69;23,00;22,00;-1,00;0,00
"23897";"DV81019 ENFEITE DECORATIVO NATALINO CX72";"95051000";"Loja 3 (CD)";"Loja 1 (Loja)";3,00;13,50;40,50;30,00;27,00;-3,00;0,00
"23898";"DV80884 ENFEITE NATALINO CX36";"95051000";"Loja 3 (CD)";"Loja 1 (Loja)";5,00;25,00;125,00;26,00;21,00;-5,00;0,00
"23913";"L450-2 BOLSA";"42022210";"Loja 3 (CD)";"Loja 1 (Loja)";1,00;5,58;5,58;9,00;8,00;-1,00;0,00
"23915";"015180519 CORRETIVO LIQUIDO ESCOLAR 18ML";"38249929";"Loja 1 (Loja)";"Loja 3 (CD)";24,00;2,53;60,72;69,00;45,00;-24,00;0,00
"23922";"020250505 TEMPERA GUACHE 250 ML AMARELO OURO";"32131000";"Loja 1 (Loja)";"Loja 3 (CD)";4,00;24,74;98,96;17,00;13,00;-4,00;0,00
"23928";"020250520 TEMPERA GUACHE 250 ML PRETO";"32131000";"Loja 1 (Loja)";"Loja 3 (CD)";3,00;24,75;74,25;36,00;33,00;-3,00;0,00
"23929";"020250531 TEMPERA GUACHE 250 ML MARROM";"32131000";"Loja 1 (Loja)";"Loja 3 (CD)";10,00;4,15;41,50;15,00;5,00;-10,00;0,00
"23956";"069130000 CANETINHAS CONNECT COLORS SEM COR";"96082000";"Loja 1 (Loja)";"Loja 3 (CD)";44,00;1,00;44,00;77,00;33,00;-44,00;0,00
"23959";"073150101 MASSA DE MODELAR SOFT 150G VERDE (1/6)";"34070010";"Loja 1 (Loja)";"Loja 3 (CD)";23,00;20,05;461,15;48,00;25,00;-23,00;0,00
"23963";"BM-8548 LUMINARIA SOLAR PARA AREA EXTERNA LED";"94054100";"Loja 1 (Loja)";"Loja 3 (CD)";31,00;4,45;137,95;69,00;38,00;-31,00;0,00
"23970";"073700000 MASSA SOFT BABY COLORS 90G";"34070010";"Loja 1 (Loja)";"Loja 3 (CD)";54,00;8,95;483,30;276,00;222,00;-54,00;0,00
"23971";"090060000 GIZ DE CERA/6 CORES";"96099000";"Loja 1 (Loja)";"Loja 3 (CD)";72,00;1,52;109,44;156,00;84,00;-72,00;0,00
"23990";"173900000 COLA PARA EVA E ISOPOR 90G";"35069190";"Loja 1 (Loja)";"Loja 3 (CD)";36,00;5,66;203,76;77,00;41,00;-36,00;0,00
"24037";"BM-F979 LUMINARIA ARTICULADA DE MESA - LED";"94052100";"Loja 1 (Loja)";"Loja 3 (CD)";13,00;1,00;13,00;102,00;89,00;-13,00;0,00
"24042";"BT-561 ALICATE MANUAL PARA ILHOS 135CM COM 100 ILHOS";"82032010";"Loja 3 (CD)";"Loja 1 (Loja)";1,00;1,88;1,88;72,00;71,00;-1,00;0,00
"24055";"FJ90761 TOALHA BATE-MAO BORBOLETA CX120";"63071000";"Loja 1 (Loja)";"Loja 3 (CD)";3,00;5,00;15,00;80,00;77,00;-3,00;0,00
"24067";"FJ90515 APARADOR DE LOUCAS 60 POLIESTER 40 ESPONJA CX96";"63071000";"Loja 1 (Loja)";"Loja 3 (CD)";17,00;1,00;17,00;93,00;76,00;-17,00;0,00
"24071";"SIGMA-1020IC CAMERA DE SEGURANCA IP INTERNA FULL HD 1080P";"85258919";"Loja 1 (Loja)";"Loja 3 (CD)";60,00;2,13;127,80;79,00;19,00;-60,00;0,00
"24079";"MAD-054A BOLSA TERMICA BOLSA ISOLANTE";"42029200";"Loja 1 (Loja)";"Loja 3 (CD)";7,00;1,00;7,00;7,00;0,00;-7,00;0,00
"24099";"LB665222 KIT ACESSÓRIO DE CABELO E RELÓGIO STITCH";"96151900";"Loja 3 (CD)";"Loja 1 (Loja)";2,00;0,29;0,58;4,00;2,00;-2,00;0,00
"24136";"FJ91190 SACOLA PARA PRESENTES (M) CX360";"48194000";"Loja 3 (CD)";"Loja 1 (Loja)";2,00;3,50;7,00;254,00;252,00;-2,00;0,00
"24150";"LE-865P CABO DE DADOS COM CONECTOR USB PARA IOS";"85444200";"Loja 1 (Loja)";"Loja 3 (CD)";20,00;0,63;12,60;328,00;308,00;-20,00;0,00
"24198";"8135 MINI ABAJUR DE LED";"94052100";"Loja 1 (Loja)";"Loja 3 (CD)";8,00;55,48;443,84;20,00;12,00;-8,00;0,00
"24230";"9556 ESCORREDOR EM INOX PARA PRATOS E TALHERES";"73239300";"Loja 1 (Loja)";"Loja 3 (CD)";6,00;87,24;523,44;13,00;7,00;-6,00;0,00
"24296";"S-3338 BOLSA";"42029200";"Loja 1 (Loja)";"Loja 3 (CD)";12,00;3,91;46,92;94,00;82,00;-12,00;0,00
"24297";"S-70035 BOLSA";"42029200";"Loja 1 (Loja)";"Loja 3 (CD)";10,00;4,00;40,00;47,00;37,00;-10,00;0,00
"24301";"S-7956 CHAPEU";"65040090";"Loja 3 (CD)";"Loja 1 (Loja)";1,00;1,12;1,12;112,00;111,00;-1,00;0,00
"24304";"S-7961 CHAPEU";"65040090";"Loja 1 (Loja)";"Loja 3 (CD)";88,00;2,35;206,80;169,00;81,00;-88,00;0,00
"24306";"7952 CHAPEU";"65040090";"Loja 1 (Loja)";"Loja 3 (CD)";164,00;2,35;385,40;164,00;0,00;-170,00;-6,00
"24429";"NW009C1002 PISCA-PISCA 100 LAMPADAS LED BR FIO TRANSP 9M 8F 220V";"94053100";"Loja 3 (CD)";"Loja 1 (Loja)";63,00;1,84;115,92;659,00;596,00;-63,00;0,00
"24452";"NWV009M1002 PISCA-PISCA 100 LAMPADAS LED COLOR FIO VERDE 8F 220V";"94053100";"Loja 3 (CD)";"Loja 1 (Loja)";12,00;1,84;22,08;218,00;206,00;-12,00;0,00
"24494";"RMI5352 SACOLA COM ALCA TNT 45CM X 345CM X 13CM";"42029200";"Loja 3 (CD)";"Loja 1 (Loja)";3,00;3,84;11,52;96,00;93,00;-3,00;0,00
"24523";"YJ6089 FITA ARAMADA  LINHAS SORT 38CM X 3M C/ 24 UNIDADES";"95051000";"Loja 2 (Depósito)";"Loja 1 (Loja)";14,00;4,70;65,80;692,00;678,00;-14,00;0,00
"24573";"RMT5692 AGENDA 2026 CAPIVARA C/ 168 PAGINAS";"48201000";"Loja 1 (Loja)";"Loja 3 (CD)";60,00;2,37;142,20;195,00;135,00;-60,00;0,00
"24584";"BM-F1554 MINI VENTILADOR PORTATIL ESPANTA MOSCA ALIMENTACAO";"84145990";"Loja 1 (Loja)";"Loja 3 (CD)";65,00;2,35;152,75;92,00;27,00;-65,00;0,00
"24585";"RD1427 KIT COZINHA 3 PCS";"39241000";"Loja 1 (Loja)";"Loja 3 (CD)";18,00;1,00;18,00;94,00;76,00;-18,00;0,00
"24588";"RD1516 DESCASCADOR E RALADOR";"82055100";"Loja 1 (Loja)";"Loja 3 (CD)";1,00;1,00;1,00;117,00;116,00;-1,00;0,00
"24598";"AMO-W1 MOUSE SEM FIO CONEXAO BLUETHOOT";"84716053";"Loja 1 (Loja)";"Loja 3 (CD)";91,00;12,60;1.146,60;98,00;7,00;-91,00;0,00
"24628";"LJ1053  PLACA EM MATERIAL PLSTICO AUTO";"39189000";"Loja 1 (Loja)";"Loja 3 (CD)";20,00;6,19;123,80;202,00;182,00;-20,00;0,00
"24704";"XL-6002 BOLSAS";"42029200";"Loja 3 (CD)";"Loja 1 (Loja)";1,00;1,86;1,86;1,00;0,00;-4,00;-3,00
"24715";"VE24495-3 MOCHILA";"42022900";"Loja 3 (CD)";"Loja 1 (Loja)";2,00;4,65;9,30;4,00;2,00;-2,00;0,00
"24751";"XL-L-21 BOLSA";"42029200";"Loja 3 (CD)";"Loja 1 (Loja)";1,00;4,65;4,65;2,00;1,00;-1,00;0,00
"24764";"XL-69 BOLSA";"42029200";"Loja 1 (Loja)";"Loja 3 (CD)";25,00;1,17;29,25;73,00;48,00;-25,00;0,00
"24789";"XL-61  BOLSA";"42029200";"Loja 1 (Loja)";"Loja 3 (CD)";32,00;1,17;37,44;52,00;20,00;-32,00;0,00
"24803";"8075-1 MOCHILA";"42029200";"Loja 1 (Loja)";"Loja 3 (CD)";33,00;1,17;38,61;53,00;20,00;-33,00;0,00
"24804";"8075-2 MOCHILA";"42029200";"Loja 1 (Loja)";"Loja 3 (CD)";4,00;1,17;4,68;4,00;0,00;-48,00;-44,00
"24821";"XL-6003 BOLSA";"42029200";"Loja 1 (Loja)";"Loja 3 (CD)";15,00;1,30;19,50;15,00;0,00;-67,00;-52,00
"24882";"1861-2 BOLSA";"42029200";"Loja 3 (CD)";"Loja 1 (Loja)";1,00;18,60;18,60;32,00;31,00;-1,00;0,00
"24896";"883-1 BOLSA";"42029200";"Loja 1 (Loja)";"Loja 3 (CD)";2,00;18,60;37,20;22,00;20,00;-2,00;0,00
"24929";"GL-2604 ESCORREDOR DE LOUCAS EM ACO CARBONO";"73239900";"Loja 1 (Loja)";"Loja 3 (CD)";4,00;142,20;568,80;43,00;39,00;-4,00;0,00
"24944";"LWJ-179-12 JOGO DE CATRACA UTILIZADA PARA APERTAR E DESAPERTAR PARAFUSOS";"82060000";"Loja 1 (Loja)";"Loja 3 (CD)";42,00;10,47;439,74;130,00;88,00;-42,00;0,00
"24946";"LWJ-2232 KIT ESGUICHO PARA MANGUEIRA 3 EM 1";"84249090";"Loja 1 (Loja)";"Loja 3 (CD)";47,00;2,27;106,69;225,00;178,00;-47,00;0,00
"24947";"LWJ-2240 LWJ-2241 JOGO DE CHAVE L CONTENDO 5 PECAS COM DIVERSA";"82041100";"Loja 3 (CD)";"Loja 1 (Loja)";2,00;8,55;17,10;30,00;28,00;-2,00;0,00
"24949";"LWJ-H1802 KIT CHAVES COM 6 PECAS";"82059000";"Loja 1 (Loja)";"Loja 3 (CD)";5,00;1,00;5,00;39,00;34,00;-5,00;0,00
"24951";"LWJ-PC1903-115MM DISCO DE CORTE SECO DIAMANTADO UTILIZADOS PARA CORTE";"68042211";"Loja 1 (Loja)";"Loja 3 (CD)";49,00;4,95;242,55;155,00;106,00;-49,00;0,00
"24952";"NWV009NC1002 PISCA-PISCA 100LAMP LED BRANCO QUENTE FIO VERDE 9M 8F 220V";"94053100";"Loja 3 (CD)";"Loja 1 (Loja)";28,00;1,84;51,52;348,00;320,00;-28,00;0,00
"24957";"DTY1067 KIT GATINHOS E ACESSORIOS CX/60";"95030039";"Loja 1 (Loja)";"Loja 3 (CD)";36,00;115,58;4.160,88;147,00;111,00;-36,00;0,00
"24961";"DTY1217 KIT VEICULOS DINOSSAUROS CX/36";"95030098";"Loja 1 (Loja)";"Loja 3 (CD)";18,00;1,99;35,82;70,00;52,00;-18,00;0,00
"24965";"NWV009VM1002 PISCA-PISCA 100 LAMPADAS LED VM FIO VERDE VM 8F 220V";"94053100";"Loja 3 (CD)";"Loja 1 (Loja)";11,00;1,84;20,24;160,00;149,00;-11,00;0,00
"24997";"ZH2096 ORGANIZADOR MULTIUSO PARA PRODUTOS DE MAQUIAGEM";"39249000";"Loja 3 (CD)";"Loja 2 (Depósito)";8,00;21,60;172,80;120,00;112,00;-8,00;0,00
"24998";"ZH2077 ORGANIZADOR MULTIUSO PARA PRODUTOS DE MAQUIAGEM";"39249000";"Loja 3 (CD)";"Loja 2 (Depósito)";24,00;9,22;221,28;63,00;39,00;-24,00;0,00
"24999";"ZH2072 ORGANIZADOR MULTIUSO PARA PRODUTOS DE MAQUIAGEM";"39249000";"Loja 3 (CD)";"Loja 1 (Loja)";1,00;2,61;2,61;599,00;598,00;-1,00;0,00
"25001";"CC1177 SUPORTE EM MATERIAL PLSTICO TIPO MINI VARAL PARA USO DOMESTICO COM 16 PRE";"39249000";"Loja 3 (CD)";"Loja 2 (Depósito)";4,00;4,17;16,68;485,00;481,00;-4,00;0,00
"25004";"CC1212 POTE TIPO VASILHA COM FECHAMENTO POR TAMPA EM MATERIAL PLSTICO PARA ARMAZ";"39241000";"Loja 3 (CD)";"Loja 2 (Depósito)";2,00;1,57;3,14;4.383,00;4.381,00;-2,00;0,00
"25005";"CC1137 POTE TIPO VASILHA COM FECHAMENTO POR TAMPA EM MATERIAL PLSTICO PARA ARMAZ";"39241000";"Loja 3 (CD)";"Loja 2 (Depósito)";16,00;1,00;16,00;328,00;312,00;-16,00;0,00
"25006";"CC1136 POTE TIPO VASILHA COM FECHAMENTO POR TAMPA EM MATERIAL PLSTICO PARA ARMAZ";"39241000";"Loja 3 (CD)";"Loja 2 (Depósito)";16,00;1,00;16,00;336,00;320,00;-16,00;0,00
"25009";"CC1114 SUPORTE TIPO CABIDE EM MATERIAL PLSTICO EM FORMA DE GANCHO PARA SER FIXAD";"39269090";"Loja 3 (CD)";"Loja 2 (Depósito)";30,00;0,70;21,00;1.520,00;1.490,00;-30,00;0,00
"25022";"YU2163  KIT 2 TAPETES ENBORRACHADO";"39249000";"Loja 3 (CD)";"Loja 2 (Depósito)";240,00;1,00;240,00;2.370,00;2.130,00;-240,00;0,00
"25026";"YU2159 TAPETE ENBORRACHADO";"39249000";"Loja 3 (CD)";"Loja 1 (Loja)";3,00;5,65;16,95;3.913,00;3.910,00;-3,00;0,00
"25030";"ZH2081 ORGANIZADOR MAQUIAGEM EM ACRÍLICO";"39249000";"Loja 3 (CD)";"Loja 1 (Loja)";1,00;6,02;6,02;120,00;119,00;-1,00;0,00
"25031";"ZH2080 ORGANIZADOR MAQUIAGEM EM ACRÍLICO";"39249000";"Loja 3 (CD)";"Loja 1 (Loja)";1,00;1,00;1,00;119,00;118,00;-1,00;0,00
"25072";"AD1022 PLACA EM MATERIAL PLSTICO AUTO ADESIVO PARA REVESTIMENTOS EM PAREDES COM";"39189000";"Loja 2 (Depósito)";"Loja 3 (CD)";240,00;1,17;280,80;240,00;0,00;-240,00;0,00
"25074";"AD1019 PLACA EM MATERIAL PLSTICO AUTO ADESIVO PARA REVESTIMENTOS EM PAREDES COM";"39189000";"Loja 1 (Loja)";"Loja 2 (Depósito)";639,00;34,20;21.853,80;639,00;0,00;-960,00;-321,00
"25142";"ND7557 - ENFEITE NATALINO EM FORMATO DE LACO. COM 2 PECAS. MED: 15*18CM";"95051000";"Loja 3 (CD)";"Loja 1 (Loja)";12,00;1,30;15,60;30,00;18,00;-12,00;0,00
"25158";"ND7590 - BOLAS DE NATAL";"95051000";"Loja 3 (CD)";"Loja 1 (Loja)";6,00;0,93;5,58;30,00;24,00;-6,00;0,00
"25162";"28-F PA PUM MATA MOSCA";"39249000";"Loja 1 (Loja)";"Loja 3 (CD)";11,00;2,40;26,40;167,00;156,00;-11,00;0,00
"25166";"0053 TABUA MULTIUSO C/ ALCA";"44199000";"Loja 3 (CD)";"Loja 1 (Loja)";1,00;2,38;2,38;35,00;34,00;-1,00;0,00
"25189";"BOM-5675 GUIA COM SUPORTE PARA SERRA";"84669200";"Loja 1 (Loja)";"Loja 3 (CD)";20,00;5,85;117,00;39,00;19,00;-20,00;0,00
"25195";"534 TABUA SLIM POP ESPECIAL 38 X175";"44199000";"Loja 3 (CD)";"Loja 1 (Loja)";2,00;1,50;3,00;35,00;33,00;-2,00;0,00
"25197";"0054 TABUA MULTIUSO C/ ALCA";"44199000";"Loja 3 (CD)";"Loja 1 (Loja)";1,00;3,50;3,50;24,00;23,00;-1,00;0,00
"25214";"LY-078 BOLSA FEMININA";"42022210";"Loja 3 (CD)";"Loja 1 (Loja)";1,00;6,26;6,26;45,00;44,00;-1,00;0,00
"25216";"C1112 BOLSA FESTA";"42022210";"Loja 3 (CD)";"Loja 1 (Loja)";3,00;1,60;4,80;100,00;97,00;-3,00;0,00
"25217";"KR-402 BOLSA FEMININA";"42022210";"Loja 3 (CD)";"Loja 1 (Loja)";1,00;46,00;46,00;24,00;23,00;-1,00;0,00
"25241";"C1301 BOLSA FEMININA EM POLIESTER";"42022220";"Loja 1 (Loja)";"Loja 3 (CD)";1,00;2,85;2,85;49,00;48,00;-1,00;0,00
"25273";"OIF-7811 JOGO DE CARTAS BARALHO DOURADO";"95044000";"Loja 1 (Loja)";"Loja 3 (CD)";4,00;1,15;4,60;84,00;80,00;-4,00;0,00
"25284";"OIH-4303 BOLSA TERMICA";"42022210";"Loja 1 (Loja)";"Loja 3 (CD)";151,00;8,00;1.208,00;264,00;113,00;-151,00;0,00
"25302";"HA78620 CADERNO PARA ANOTACOES DE PAPEL";"48202000";"Loja 3 (CD)";"Loja 1 (Loja)";1,00;8,81;8,81;17,00;16,00;-1,00;0,00
"25307";"HU66563 ESPATULA DE PP E SILICONE 73CMX28CMX13CM";"39241000";"Loja 3 (CD)";"Loja 1 (Loja)";2,00;1,99;3,98;48,00;46,00;-2,00;0,00
"25351";"JO-5410 BOLSA FEMININA";"42023200";"Loja 1 (Loja)";"Loja 3 (CD)";9,00;21,80;196,20;58,00;49,00;-9,00;0,00
"25352";"BC-5770 BOLSA FEMININA";"42023200";"Loja 3 (CD)";"Loja 1 (Loja)";4,00;17,80;71,20;27,00;23,00;-4,00;0,00
"25381";"HU89194 RALADOR MULTIUSO MANUAL DE USO DOMESTICO DE PLASTICO PP E ACO";"82055100";"Loja 1 (Loja)";"Loja 3 (CD)";19,00;1,00;19,00;72,00;53,00;-19,00;0,00
"25391";"PR2030 QUADRO PARA RECADOS DE METAL( FERRO )PLASTICO PVC E PAPEL";"96100000";"Loja 1 (Loja)";"Loja 3 (CD)";15,00;2,91;43,65;56,00;41,00;-15,00;0,00
"25399";"Z-DDC-03 BICICLETA ELETRICA";"87116000";"Loja 3 (CD)";"Loja 1 (Loja)";1,00;1.213,00;1.213,00;1,00;0,00;-1,00;0,00
"25418";"LUX347030 MOCHILA";"42029200";"Loja 3 (CD)";"Loja 1 (Loja)";5,00;15,00;75,00;168,00;163,00;-5,00;0,00
"25430";"LUX248095 MOCHILA ESCOLAR INFANTIL";"42029200";"Loja 3 (CD)";"Loja 1 (Loja)";7,00;6,48;45,36;45,00;38,00;-7,00;0,00
"25446";"BOM-3231 CONJUNTO DE MACHOS COM 8 PECAS  SP";"82074010";"Loja 1 (Loja)";"Loja 3 (CD)";10,00;4,05;40,50;33,00;23,00;-10,00;0,00
"25478";"YH-5503 BOLSA FEMININA";"42022210";"Loja 1 (Loja)";"Loja 3 (CD)";2,00;14,72;29,44;27,00;25,00;-2,00;0,00
"25482";"YH-5507 BOLSA FEMININA";"42022210";"Loja 1 (Loja)";"Loja 3 (CD)";3,00;16,72;50,16;30,00;27,00;-3,00;0,00
"25506";"166P ALMOFADA DE PESCOÇO";"94018000";"Loja 1 (Loja)";"Loja 3 (CD)";25,00;6,97;174,25;225,00;200,00;-25,00;0,00
"25537";"FU-A2 - BICICLETA MODELO: FU-A2 ANO/MODELO: 2025 TIPO";"87116000";"Loja 3 (CD)";"Loja 1 (Loja)";1,00;2.267,41;2.267,41;1,00;0,00;-1,00;0,00
"25552";"SIGMA-ML210IC CAMERA DE SEGURANCA IP EXTERNA HD 720P";"85258919";"Loja 1 (Loja)";"Loja 3 (CD)";35,00;30,19;1.056,65;80,00;45,00;-35,00;0,00
"25583";"S-03312 CHAPEU";"65040090";"Loja 3 (CD)";"Loja 1 (Loja)";2,00;13,50;27,00;21,00;19,00;-2,00;0,00
"25593";"TW882-1 JOGO PENSE RÁPIDO E RESPONDA";"95049090";"Loja 1 (Loja)";"Loja 3 (CD)";144,00;9,00;1.296,00;180,00;36,00;-144,00;0,00
"25626";"LWJ-1025S TRENA COM CORPO DE PLASTICO RIGIDO E FITA DE ACO MEDICAO  LWJ-1025S";"90178090";"Loja 1 (Loja)";"Loja 3 (CD)";61,00;2,24;136,64;61,00;0,00;-62,00;-1,00
"25651";"IDL2186 PAINEL RIPADO DECORATIVO 15.9XCMX2.25CMX";"39259090";"Loja 1 (Loja)";"Loja 3 (CD)";10,00;14,32;143,20;245,00;235,00;-10,00;0,00
"25654";"IDL2189 PAINEL RIPADO DECORATIVO 15.9XCMX2.25CMX";"39259090";"Loja 3 (CD)";"Loja 1 (Loja)";5,00;14,32;71,60;295,00;290,00;-5,00;0,00
"25658";"282359 CADERNO - 200 FLS - LOVE";"48202000";"Loja 1 (Loja)";"Loja 3 (CD)";40,00;22,51;900,40;42,00;2,00;-40,00;0,00
"25675";"DB-1142 BOLSA FEMININA G";"42022220";"Loja 3 (CD)";"Loja 1 (Loja)";7,00;38,00;266,00;90,00;83,00;-7,00;0,00
"25677";"LCW-WWJ1000 BRINQUEDOS PARA PET";"40169990";"Loja 1 (Loja)";"Loja 3 (CD)";60,00;1,00;60,00;111,00;51,00;-60,00;0,00
"25685";"LCW-WWJ1019 BRINQUEDOS PARA PET";"40169990";"Loja 1 (Loja)";"Loja 3 (CD)";1,00;10,56;10,56;73,00;72,00;-1,00;0,00
"25688";"DB-1217 BOLSA FEMININA G";"42022220";"Loja 3 (CD)";"Loja 1 (Loja)";10,00;4,92;49,20;90,00;80,00;-10,00;0,00
"25692";"JF106 BOLSA FEMININA";"42022220";"Loja 3 (CD)";"Loja 1 (Loja)";1,00;15,00;15,00;12,00;11,00;-1,00;0,00
"25697";"JF120 BOLSA FEMININA";"42022220";"Loja 3 (CD)";"Loja 1 (Loja)";1,00;15,00;15,00;12,00;11,00;-1,00;0,00
"25769";"XL24198 ESCUMADEIRA FRITURA 40CM";"82159910";"Loja 1 (Loja)";"Loja 3 (CD)";24,00;2,43;58,32;51,00;27,00;-24,00;0,00
"25898";"BY41-30 CINTO";"42033000";"Loja 1 (Loja)";"Loja 3 (CD)";12,00;0,93;11,16;38,00;26,00;-12,00;0,00
"25900";"04 LIP BUNNY - MORANGO - GLOSS DA FRAN";"33041000";"Loja 3 (CD)";"Loja 1 (Loja)";4,00;6,30;25,20;100,00;96,00;-4,00;0,00
"25907";"BY20-4 CINTO";"42033000";"Loja 1 (Loja)";"Loja 3 (CD)";12,00;0,93;11,16;23,00;11,00;-12,00;0,00
"25908";"BY71-30 CINTO";"42033000";"Loja 1 (Loja)";"Loja 3 (CD)";12,00;0,93;11,16;38,00;26,00;-12,00;0,00
"25918";"W511 CROCS EVA";"64029990";"Loja 1 (Loja)";"Loja 3 (CD)";35,00;8,08;282,80;43,00;8,00;-35,00;0,00
"25925";"BM-229 FONE DE OUVIDO SEM FIO - BLUETOOTH VERSAO: 5.3 - BATERIA: 350MAH";"85183000";"Loja 1 (Loja)";"Loja 3 (CD)";29,00;3,53;102,37;85,00;56,00;-29,00;0,00
"25937";"BM-F1526 PALMILHA ORTOPEDICA";"39269090";"Loja 1 (Loja)";"Loja 3 (CD)";2,00;0,75;1,50;122,00;120,00;-2,00;0,00
"25943";"BM-F1317 SECADORA MANUAL DE LEGUMES E VERDURAS";"39269090";"Loja 1 (Loja)";"Loja 3 (CD)";12,00;7,29;87,48;36,00;24,00;-12,00;0,00
"25948";"BM-F1276 KIT ORGANIZADORES DE PLASTICO - 5 PECAS";"39233090";"Loja 1 (Loja)";"Loja 3 (CD)";17,00;35,00;595,00;21,00;4,00;-17,00;0,00
"25951";"BM-F1524 - KIT DE COSTURA";"96050000";"Loja 1 (Loja)";"Loja 3 (CD)";8,00;1,69;13,52;59,00;51,00;-8,00;0,00
"25953";"BM-F1551 DISPENSER DE SABONETE LIQUIDO - CAPACIDADE 350ML";"39233090";"Loja 1 (Loja)";"Loja 3 (CD)";47,00;2,09;98,23;131,00;84,00;-47,00;0,00
"25958";"BT-524 CONJUNTO DE CHAVES ALLEN 9 PECAS MARCA B-TEK REFERENCIA";"82055900";"Loja 1 (Loja)";"Loja 3 (CD)";38,00;1,00;38,00;120,00;82,00;-38,00;0,00
"25960";"BT-529 CONJUNTO DE ABRACADEIRA DE ACO";"73269090";"Loja 1 (Loja)";"Loja 3 (CD)";40,00;2,50;100,00;40,00;0,00;-116,00;-76,00
"25985";"BM-F1481 CAIXA ORGANIZADORA COM DUAS ABERTURAS -";"63079090";"Loja 1 (Loja)";"Loja 3 (CD)";15,00;1,00;15,00;51,00;36,00;-15,00;0,00
"26010";"WF1730 PENDENTE PAETE PERNAS DR C/ GUIZO 13CM X 27CM";"95051000";"Loja 2 (Depósito)";"Loja 1 (Loja)";2,00;2,17;4,34;63,00;61,00;-2,00;0,00
"26232";"F0186 BANDEJA DE PVC CX36";"39241000";"Loja 3 (CD)";"Loja 1 (Loja)";1,00;15,99;15,99;19,00;18,00;-1,00;0,00
"26234";"F0189 BANDEJA DE PLASTICO CX36";"39241000";"Loja 3 (CD)";"Loja 1 (Loja)";1,00;15,37;15,37;16,00;15,00;-1,00;0,00
"26235";"F0196 BANDEJA DE PLASTICO CX36";"39241000";"Loja 3 (CD)";"Loja 1 (Loja)";4,00;18,45;73,80;24,00;20,00;-4,00;0,00
"26236";"F0198 BANDEJA DE PLASTICO CX36";"39241000";"Loja 3 (CD)";"Loja 1 (Loja)";2,00;18,45;36,90;9,00;7,00;-2,00;0,00
"26260";"FJ90608 BANDEJA DE PLASTICO CX36";"39241000";"Loja 3 (CD)";"Loja 1 (Loja)";3,00;9,22;27,66;20,00;17,00;-3,00;0,00
"26261";"FJ90609 BANDEJA DE PLASTICO CX60";"39241000";"Loja 3 (CD)";"Loja 1 (Loja)";1,00;6,76;6,76;16,00;15,00;-1,00;0,00
"26263";"FJ90928 BANDEJA DE PLASTICO CX60";"39241000";"Loja 1 (Loja)";"Loja 3 (CD)";10,00;6,76;67,60;10,00;0,00;-10,00;0,00
"26288";"CLA03528 PAPEL ANTIADERENTE P/AIR FRYER";"48189090";"Loja 3 (CD)";"Loja 1 (Loja)";1,00;2,12;2,12;65,00;64,00;-1,00;0,00
"26313";"3232 BOLSA MATRIZ";"42022210";"Loja 1 (Loja)";"Loja 3 (CD)";13,00;0,93;12,09;1.085,00;1.072,00;-13,00;0,00
"26333";"OI-0567 - ORGANIZADOR DE ROUPAS 57.5*30*148CM";"73239900";"Loja 1 (Loja)";"Loja 3 (CD)";16,00;1,00;16,00;23,00;7,00;-16,00;0,00
"26347";"IXB03291 CESTO P FRITURAS";"73239300";"Loja 1 (Loja)";"Loja 3 (CD)";1,00;8,01;8,01;1,00;0,00;-1,00;0,00
"26376";"OI-0571 - ORGANIZADOR DE METAL COMUM DE USO DOMESTICO";"73239900";"Loja 1 (Loja)";"Loja 3 (CD)";15,00;7,67;115,05;23,00;8,00;-15,00;0,00
"26393";"TOP2073 CONJUNTO 6 COPOS DE VIDRO AMBAR 310ML";"70133700";"Loja 1 (Loja)";"Loja 3 (CD)";2,00;9,10;18,20;2,00;0,00;-40,00;-38,00
"26451";"LWJ-PC1908 ABRAÇADEIRA EM NYLON - EMBALAGEM COM 300 PCS. 7.6MM X 200MM";"39269090";"Loja 1 (Loja)";"Loja 3 (CD)";61,00;1,84;112,24;294,00;233,00;-61,00;0,00
"26456";"LWJ-PC1908 ABRAÇADEIRA EM NYLON - EMBALAGEM COM 200 PCS. 7.6MM X 300MM";"39269090";"Loja 1 (Loja)";"Loja 3 (CD)";30,00;2,17;65,10;420,00;390,00;-30,00;0,00
"26462";"JM2140 - CONJUNTO POTE DE PLASTICO";"39241000";"Loja 2 (Depósito)";"Loja 3 (CD)";36,00;30,00;1.080,00;684,00;648,00;-36,00;0,00
"26464";"JM2142 - CONJUNTO DE POTES DE PLASTICO RETANGULARES";"39241000";"Loja 2 (Depósito)";"Loja 3 (CD)";20,00;4,00;80,00;720,00;700,00;-20,00;0,00
"26470";"UY3037 - FORMA DE SILICONE PARA SOBREMESA";"39241000";"Loja 2 (Depósito)";"Loja 3 (CD)";240,00;3,00;720,00;390,00;150,00;-240,00;0,00
"26472";"UY3039 - FORMA DE SILICONE";"39241000";"Loja 2 (Depósito)";"Loja 3 (CD)";53,00;1,00;53,00;470,00;417,00;-53,00;0,00
"26473";"UY3040 - FORMA DE SILICONE";"39241000";"Loja 2 (Depósito)";"Loja 3 (CD)";40,00;3,71;148,40;460,00;420,00;-40,00;0,00
"26476";"UY3043 - FORMA DE SILICONE";"39241000";"Loja 2 (Depósito)";"Loja 3 (CD)";22,00;1,00;22,00;460,00;438,00;-22,00;0,00
"26479";"UY3046 - FORMA DE SILICONE";"39241000";"Loja 2 (Depósito)";"Loja 3 (CD)";100,00;5,00;500,00;460,00;360,00;-100,00;0,00
"26484";"UY3050-2 - FORMA DE SILICONE";"39241000";"Loja 2 (Depósito)";"Loja 3 (CD)";130,00;1,00;130,00;380,00;250,00;-130,00;0,00
"26491";"UY3056 - FORMA DE SILICONE";"39241000";"Loja 3 (CD)";"Loja 1 (Loja)";8,00;1,00;8,00;200,00;192,00;-8,00;0,00
"26499";"UY3064 - FORMA DE SILICONE COM 6 CAVIDADES";"39241000";"Loja 2 (Depósito)";"Loja 3 (CD)";45,00;1,00;45,00;470,00;425,00;-45,00;0,00
"26501";"UY3066 - FORMA DE SILICONE COM 6 CAVIDADES";"39241000";"Loja 2 (Depósito)";"Loja 3 (CD)";117,00;1,00;117,00;470,00;353,00;-117,00;0,00
"26504";"UY3070 - FORMA DE SILICONE";"39241000";"Loja 1 (Loja)";"Loja 2 (Depósito)";236,00;1,00;236,00;326,00;90,00;-236,00;0,00
"26504";"UY3070 - FORMA DE SILICONE";"39241000";"Loja 1 (Loja)";"Loja 3 (CD)";90,00;1,00;90,00;90,00;0,00;-280,00;-190,00
"26508";"UY3074 - FORMA DE SILICONE";"39241000";"Loja 3 (CD)";"Loja 2 (Depósito)";11,00;1,00;11,00;217,00;206,00;-11,00;0,00
"26511";"UY3077 - FORMA DE SILICONE";"39241000";"Loja 3 (CD)";"Loja 2 (Depósito)";20,00;1,00;20,00;210,00;190,00;-20,00;0,00
"26512";"UY3078 - FORMA DE SILICONE";"39241000";"Loja 3 (CD)";"Loja 1 (Loja)";1,00;1,00;1,00;120,00;119,00;-1,00;0,00
"26516";"UY3082 - FORMA DE SILICONE COM 6 CAVIDADES";"39241000";"Loja 2 (Depósito)";"Loja 3 (CD)";90,00;1,00;90,00;460,00;370,00;-90,00;0,00
"26530";"LWJ-PC1905 ABRAÇADEIRA EM NYLON - EMBALAGEM COM 200 PCS. 2.5MM X 200MM";"39269090";"Loja 1 (Loja)";"Loja 3 (CD)";12,00;1,00;12,00;1.491,00;1.479,00;-12,00;0,00
"26532";"LWJ-PC1905 ABRAÇADEIRA EM NYLON - EMBALAGEM COM 100 PCS. 2.5MM X 100MM";"39269090";"Loja 1 (Loja)";"Loja 3 (CD)";40,00;0,22;8,80;1.671,00;1.631,00;-40,00;0,00
"26557";"CA08313 TABUA DE CORTE; MATERIAL: PP; TAMANHO: 23X365X11CM";"39241000";"Loja 3 (CD)";"Loja 1 (Loja)";1,00;4,71;4,71;1,00;0,00;-2,00;-1,00
"26585";"CX032 DESCANSO DE PANELA  EM BAMBU 15*15CM";"44191900";"Loja 3 (CD)";"Loja 1 (Loja)";1,00;1,40;1,40;197,00;196,00;-1,00;0,00
"26632";"DV80909 BANDEJA DECORATIVA";"39264000";"Loja 3 (CD)";"Loja 1 (Loja)";3,00;6,54;19,62;3,00;0,00;-7,00;-4,00
"26652";"9700 BANDEJA DE ACRILICO CAPACIDADE 268G";"39241000";"Loja 3 (CD)";"Loja 1 (Loja)";34,00;9,13;310,42;110,00;76,00;-34,00;0,00
"26673";"HC-21050   BOLSA";"42022210";"Loja 3 (CD)";"Loja 1 (Loja)";27,00;11,52;311,04;30,00;3,00;-27,00;0,00
"26676";"HC-21044  BOLSA";"42022210";"Loja 3 (CD)";"Loja 1 (Loja)";28,00;2,00;56,00;30,00;2,00;-28,00;0,00
"26702";"LIX004 LIXEIRA RETANGULAR TAMPA DE BAMBOO 3 LITROS";"73239300";"Loja 3 (CD)";"Loja 1 (Loja)";3,00;54,90;164,70;6,00;3,00;-3,00;0,00
"26708";"ORG099 ORGANIZADOR DE 4 ANDARES EM FERRO COM PRATELEIRAS MDF";"94032090";"Loja 1 (Loja)";"Loja 3 (CD)";4,00;203,13;812,52;9,00;5,00;-4,00;0,00
"26753";"TOP2346 DESCANSO DE PANELA REDONDO BAMBU 17X17X1CM CX C 60";"44191900";"Loja 1 (Loja)";"Loja 3 (CD)";30,00;1,98;59,40;75,00;45,00;-30,00;0,00
"26782";"ST-05 SLING TAG- DISPOSITIVO LOCALIZADOR";"85269100";"Loja 1 (Loja)";"Loja 3 (CD)";150,00;4,93;739,50;150,00;0,00;-160,00;-10,00
"26795";"C600-9 BOLSA FESTA";"42022220";"Loja 3 (CD)";"Loja 1 (Loja)";1,00;8,40;8,40;2,00;1,00;-1,00;0,00
"26805";"DNB4802-14-4 MOCHILA";"42029200";"Loja 1 (Loja)";"Loja 3 (CD)";22,00;4,61;101,42;30,00;8,00;-22,00;0,00
"26808";"DNB4803 BOLSA P/ NOTEBOOK";"42029200";"Loja 1 (Loja)";"Loja 3 (CD)";1,00;1,00;1,00;7,00;6,00;-1,00;0,00
"26811";"FDB-661 MOCHILA";"42029200";"Loja 3 (CD)";"Loja 1 (Loja)";20,00;5,97;119,40;20,00;0,00;-23,00;-3,00
"26814";"FSL-206 BOLSA";"42022210";"Loja 1 (Loja)";"Loja 3 (CD)";2,00;1,00;2,00;30,00;28,00;-2,00;0,00
"26815";"DNB-15 MOCHILA";"42029200";"Loja 1 (Loja)";"Loja 3 (CD)";20,00;5,76;115,20;22,00;2,00;-20,00;0,00
"26817";"KB-4545 POCHETE DE PERNA";"42029200";"Loja 1 (Loja)";"Loja 3 (CD)";21,00;5,30;111,30;68,00;47,00;-21,00;0,00
"26818";"KB-59-HEI POCHETE COLETE";"42022210";"Loja 1 (Loja)";"Loja 3 (CD)";20,00;5,53;110,60;35,00;15,00;-20,00;0,00
"26822";"KB-PM4521 BOLSA FEMININA R";"42022210";"Loja 1 (Loja)";"Loja 3 (CD)";18,00;8,00;144,00;18,00;0,00;-25,00;-7,00
"26825";"KB-PM4522 BOLSA FEMININA";"42022210";"Loja 1 (Loja)";"Loja 3 (CD)";35,00;8,00;280,00;35,00;0,00;-35,00;0,00
"26826";"KB-PM4525 BOLSA FEMININA R";"42022210";"Loja 1 (Loja)";"Loja 3 (CD)";9,00;8,00;72,00;9,00;0,00;-30,00;-21,00
"26830";"ON-CL200/220 CHALEIRA ELETRICA CAPACIDADE DE 18L POTENCIA DE 1500W";"85167100";"Loja 1 (Loja)";"Loja 3 (CD)";60,00;16,31;978,60;176,00;116,00;-60,00;0,00
"26832";"PL-BB2176M MOCHILA";"42029200";"Loja 3 (CD)";"Loja 1 (Loja)";1,00;11,57;11,57;1,00;0,00;-1,00;0,00
"26848";"YD-02 CINTO MA";"39262000";"Loja 1 (Loja)";"Loja 3 (CD)";210,00;1,45;304,50;216,00;6,00;-210,00;0,00
"26850";"YD-PP19 CINTO MA";"39262000";"Loja 1 (Loja)";"Loja 3 (CD)";31,00;1,54;47,74;49,00;18,00;-31,00;0,00
"26863";"LEY-1731 - LAMPADA DE LED COLORIDA (RGB) GIRATORIA DE LED";"85395200";"Loja 1 (Loja)";"Loja 3 (CD)";1,00;4,03;4,03;88,00;87,00;-1,00;0,00
"26873";"LT-442 LANTERNA MANUAL";"85131010";"Loja 3 (CD)";"Loja 1 (Loja)";2,00;7,02;14,04;21,00;19,00;-2,00;0,00
"26874";"LWJ-123A  -  ALICATE MANUAL DE CORTE DIAGONAL COM CABO EMBORRACHADO";"82032010";"Loja 1 (Loja)";"Loja 3 (CD)";90,00;8,10;729,00;90,00;0,00;-90,00;0,00
"26893";"BL21148 - BOLSA DE FESTA";"42022220";"Loja 1 (Loja)";"Loja 3 (CD)";20,00;1,00;20,00;102,00;82,00;-20,00;0,00
"26896";"KH30225 - BOLSA FEMININA";"42022220";"Loja 1 (Loja)";"Loja 3 (CD)";28,00;1,00;28,00;96,00;68,00;-28,00;0,00
"26908";"LWJ-525S - TRENA 5 METROS";"90138000";"Loja 1 (Loja)";"Loja 3 (CD)";11,00;1,00;11,00;149,00;138,00;-11,00;0,00
"26926";"DV81083 - PORTA RETRATO C/ 10CM X 15CM";"39264000";"Loja 3 (CD)";"Loja 1 (Loja)";2,00;3,92;7,84;22,00;20,00;-2,00;0,00
"26927";"NO. PULSIERA NF446";"39269090";"Loja 3 (CD)";"Loja 1 (Loja)";3.094,00;4,92;15.222,48;45.271,00;42.177,00;-3.094,00;0,00
"26934";"RELÓGIO INTELIGENTE";"91021220";"Loja 3 (CD)";"Loja 1 (Loja)";934,00;6,67;6.229,78;934,00;0,00;-955,00;-21,00
"26943";"DV80156 BANDEJA DECORATIVA CX24";"70139900";"Loja 1 (Loja)";"Loja 3 (CD)";10,00;10,35;103,50;47,00;37,00;-10,00;0,00
"26957";"DV81086 - PORTA RETRATO C/ 15CM X 20CM";"44149000";"Loja 3 (CD)";"Loja 1 (Loja)";2,00;4,92;9,84;22,00;20,00;-2,00;0,00
"26966";"TOP7743 DISCO ABRASIVO P CORTE 180MM";"68042219";"Loja 3 (CD)";"Loja 1 (Loja)";96,00;6,76;648,96;120,00;24,00;-96,00;0,00
"26970";"UY2104-3 FORMAS PEQUENAS DE SILICONE";"39241000";"Loja 3 (CD)";"Loja 2 (Depósito)";30,00;0,81;24,30;433,00;403,00;-30,00;0,00
"26971";"UY2104-4 FORMAS PEQUENAS DE SILICONE";"39241000";"Loja 3 (CD)";"Loja 2 (Depósito)";30,00;0,81;24,30;513,00;483,00;-30,00;0,00
"26973";"UY2104-5 FORMAS PEQUENAS DE SILICONE";"39241000";"Loja 3 (CD)";"Loja 2 (Depósito)";30,00;0,81;24,30;463,00;433,00;-30,00;0,00
"26981";"UY3018 BANDEJA DESCARTAVL  16 X 45 CM";"39241000";"Loja 3 (CD)";"Loja 1 (Loja)";2,00;0,98;1,96;699,00;697,00;-2,00;0,00
"27013";"S-0159 CHAPEU";"65040090";"Loja 1 (Loja)";"Loja 3 (CD)";10,00;2,35;23,50;23,00;13,00;-10,00;0,00
"27021";"MS3011 CESTO ORGANIZADOR MULTIUSO 48 X 12 X 36 CM";"39249000";"Loja 1 (Loja)";"Loja 3 (CD)";24,00;2,06;49,44;34,00;10,00;-24,00;0,00
"27041";"S9055 MANTA DE FOLHAGEM ARTIFICIAL VERDE";"39269090";"Loja 2 (Depósito)";"Loja 3 (CD)";180,00;3,01;541,80;45.315,00;45.135,00;-180,00;0,00
"27064";"CX10090C ARVORE DE NATAL BRANCA C/90 GALHOS 90CM";"95051000";"Loja 3 (CD)";"Loja 1 (Loja)";1,00;5,39;5,39;49,00;48,00;-1,00;0,00
"27070";"EJA5001 FONE DE OUVIDO";"85183000";"Loja 1 (Loja)";"Loja 3 (CD)";135,00;3,60;486,00;256,00;121,00;-135,00;0,00
"27081";"P951 POWER BANK";"85044010";"Loja 3 (CD)";"Loja 1 (Loja)";2,00;0,07;0,14;50,00;48,00;-2,00;0,00
"27107";"BM-F1257 CADEIRA DE METAL DE PRAIA - TAMANHO: 544*53*725CM";"94017900";"Loja 1 (Loja)";"Loja 3 (CD)";40,00;17,01;680,40;210,00;170,00;-40,00;0,00
"27109";"BM-F1366 CONJUNTO DE PRATOS DE PLASTICO MARCA B-MAX";"39241000";"Loja 1 (Loja)";"Loja 3 (CD)";30,00;1,00;30,00;70,00;40,00;-30,00;0,00
"27117";"BM-8694B - EXTENSÃO ELÉTRICA RÉGUA 4 TOMADAS  2M";"85363090";"Loja 1 (Loja)";"Loja 3 (CD)";35,00;2,31;80,85;76,00;41,00;-35,00;0,00
"27120";"BM-F1630 - PORTA TALHERES FEITO EM METAL PARA PIA - TAMANHO: 255*8*7CM";"73239300";"Loja 1 (Loja)";"Loja 3 (CD)";16,00;2,30;36,80;70,00;54,00;-16,00;0,00
"27125";"BM-8710  EXTENSAO-CABO DE ALIMENTACAO: 200 CM - 2M  2500W-10A/16A";"85363090";"Loja 1 (Loja)";"Loja 3 (CD)";1,00;6,30;6,30;63,00;62,00;-1,00;0,00
"27126";"BM-F1598 SUPORTE/GANCHO DE METAL COM 5 PECA";"73239900";"Loja 3 (CD)";"Loja 1 (Loja)";334,00;1,00;334,00;899,00;565,00;-334,00;0,00
"27128";"BM-F1644 CABIDEIRO DE PORTA COM 8 GANCHOS FEITO EM METAL - TAMANHO: 165*34CM";"73239900";"Loja 1 (Loja)";"Loja 3 (CD)";74,00;3,32;245,68;95,00;21,00;-74,00;0,00
"27129";"BM-F1598 SUPORTE/GANCHO DE METAL COM 5 PECA";"73239900";"Loja 1 (Loja)";"Loja 3 (CD)";99,00;1,00;99,00;137,00;38,00;-99,00;0,00
"27130";"BM-F1648 TAPETE PARA BANCADA - MATERIAL: PVC - TAMANHO: 30*40CM";"39269090";"Loja 1 (Loja)";"Loja 3 (CD)";3,00;6,30;18,90;3,00;0,00;-61,00;-58,00
"27132";"BM-F1649 TAPETE PARA BANCADA - MATERIAL: PVC - TAMANHO: 40*50CM";"39269090";"Loja 1 (Loja)";"Loja 3 (CD)";10,00;4,92;49,20;30,00;20,00;-10,00;0,00
"27134";"BM-F1314 GANCHO PARA PENDURAR UTENSILIOS";"73239900";"Loja 1 (Loja)";"Loja 3 (CD)";10,00;1,69;16,90;93,00;83,00;-10,00;0,00
"27139";"BM-F1503 GUARDA ROUPA PORTATIL E DOBRAVEL - ARMACA TEC";"94032090";"Loja 1 (Loja)";"Loja 3 (CD)";10,00;27,46;274,60;67,00;57,00;-10,00;0,00
"27142";"BM-F1561 CABIDEIRO DE CHAO EM METAL 166CM X 50CM";"94032090";"Loja 1 (Loja)";"Loja 3 (CD)";26,00;10,42;270,92;92,00;66,00;-26,00;0,00
"27149";"BM-S213B CAIXA DE SOM RECARREGAVEL COM BLUETOOTH - TAMANHO: 395*16CM";"85271300";"Loja 1 (Loja)";"Loja 3 (CD)";24,00;1,56;37,44;34,00;10,00;-24,00;0,00
"27151";"BT-613 PACOTE DE ABRACADEIRA BORBOLETA FEITA EM METAL - 23MM  50 PECAS";"73269090";"Loja 1 (Loja)";"Loja 3 (CD)";465,00;4,68;2.176,20;465,00;0,00;-465,00;0,00
"27155";"OIF-7503 POCHETE ESPORTIVA:";"42029200";"Loja 1 (Loja)";"Loja 3 (CD)";76,00;1,95;148,20;235,00;159,00;-76,00;0,00
"27164";"OIH-2076 BATEDOR DE OVOS MANUAL INOX";"82055100";"Loja 1 (Loja)";"Loja 3 (CD)";33,00;1,68;55,44;164,00;131,00;-33,00;0,00
"27167";"UTL-5060 COLCHA DE CAMA";"63079090";"Loja 1 (Loja)";"Loja 3 (CD)";10,00;2,55;25,50;70,00;60,00;-10,00;0,00
"27172";"OIH-2301 CONJUNTO DE TALHERES INOX - COLHER GUARFO FACA E COLHER DE CHA";"73239300";"Loja 1 (Loja)";"Loja 3 (CD)";24,00;9,69;232,56;55,00;31,00;-24,00;0,00
"27176";"UTL-8010 VACCUUM BAGS";"63079090";"Loja 1 (Loja)";"Loja 3 (CD)";3,00;3,15;9,45;44,00;41,00;-3,00;0,00
"27225";"LWJ-H1801 KIT CHAVES COM 7 PECAS";"82055900";"Loja 1 (Loja)";"Loja 3 (CD)";12,00;1,00;12,00;12,00;0,00;-22,00;-10,00
"27270";"AD1018 PLACA EM MATERIAL PLSTICO AUTO ADESIVO PARA REVESTIMENTOS EM PAREDES COM";"39189000";"Loja 2 (Depósito)";"Loja 3 (CD)";240,00;1,00;240,00;240,00;0,00;-360,00;-120,00
"27270";"AD1018 PLACA EM MATERIAL PLSTICO AUTO ADESIVO PARA REVESTIMENTOS EM PAREDES COM";"39189000";"Loja 1 (Loja)";"Loja 3 (CD)";120,00;1,00;120,00;600,00;480,00;-120,00;0,00
"27339";"KA5610 BOLSA FEMININA";"42022210";"Loja 1 (Loja)";"Loja 3 (CD)";20,00;0,00;0,00;20,00;0,00;-20,00;0,00
"27354";"LE-537 CARREGADOR VEICULAR COM DUAS PORTAS";"85044010";"Loja 1 (Loja)";"Loja 3 (CD)";3,00;1,24;3,72;301,00;298,00;-3,00;0,00
"27356";"LE-6612-1 CABO C/MALHA HDMI VERSION 1.4:.8M";"85444200";"Loja 1 (Loja)";"Loja 3 (CD)";1,00;3,11;3,11;36,00;35,00;-1,00;0,00
"27464";"BOM-3644 KIT 3 MINI ESCOVAS DE ACO 9 COM CABO PIASTICO";"96039000";"Loja 1 (Loja)";"Loja 3 (CD)";81,00;3,67;297,27;107,00;26,00;-81,00;0,00
"27477";"XL24068 CONCHA 50ML - GAMMA CLASSICO - 22CM";"82159910";"Loja 1 (Loja)";"Loja 3 (CD)";1,00;2,20;2,20;90,00;89,00;-1,00;0,00
"27482";"BM-IP172 CAMERA DE SEGURANCA";"85258919";"Loja 1 (Loja)";"Loja 3 (CD)";16,00;25,70;411,20;73,00;57,00;-16,00;0,00
"27483";"LK-BL09 CADEADO DE SEGURANCA PARA MOTOCICLETA COM BLOQUEIO P/PINO";"83011000";"Loja 1 (Loja)";"Loja 3 (CD)";1,00;1,78;1,78;49,00;48,00;-1,00;0,00
"27493";"XL24075 FACA - GAMMA CLASSICO - 285CM";"82159910";"Loja 1 (Loja)";"Loja 3 (CD)";36,00;2,16;77,76;44,00;8,00;-36,00;0,00
"27507";"BM-IP173ICS CAMERA DE SEGURANCA SEM FIO WIRELESS";"85258919";"Loja 1 (Loja)";"Loja 3 (CD)";20,00;24,19;483,80;79,00;59,00;-20,00;0,00
"27509";"BM-F1295 PEN DRIVE 8G COM CHAVEIRO MARCA B-MAX REFERENCIA BM-F1";"85235190";"Loja 1 (Loja)";"Loja 3 (CD)";50,00;2,17;108,50;58,00;8,00;-50,00;0,00
"27591";"MF8201 MOCHILA JUVENIL FEMININA 45*32*15CM";"42029200";"Loja 2 (Depósito)";"Loja 3 (CD)";5,00;15,70;78,50;5,00;0,00;-24,00;-19,00
"27591";"MF8201 MOCHILA JUVENIL FEMININA 45*32*15CM";"42029200";"Loja 1 (Loja)";"Loja 3 (CD)";19,00;15,70;298,30;64,00;45,00;-19,00;0,00
"27595";"MF8206-18 MOCHILA JUVENIL FEMININA 43*31*14CM";"42029200";"Loja 3 (CD)";"Loja 1 (Loja)";2,00;16,70;33,40;34,00;32,00;-2,00;0,00
"27601";"MF8206-LAN LANCHEIRA TIPO MOCHILA  26*195*12CM";"42029200";"Loja 3 (CD)";"Loja 1 (Loja)";1,00;8,86;8,86;46,00;45,00;-1,00;0,00
"27633";"MF8209-18 MOCHILA JUVENIL FEMININA 43*31*14CM";"42029200";"Loja 3 (CD)";"Loja 1 (Loja)";2,00;17,72;35,44;69,00;67,00;-2,00;0,00
"27709";"MF8227-18 MOCHILA JUVENIL FEMININA 44*31*19 CM";"42029200";"Loja 3 (CD)";"Loja 1 (Loja)";2,00;19,99;39,98;176,00;174,00;-2,00;0,00
"27768";"MM9193-18 MOCHILA JUVENIL MASCULINA 50*33*18CM";"42029200";"Loja 2 (Depósito)";"Loja 3 (CD)";24,00;19,23;461,52;72,00;48,00;-24,00;0,00
"27769";"BM059 UMIDIFICADOR DE AR COM LÂMPADA LED";"85098090";"Loja 1 (Loja)";"Loja 3 (CD)";20,00;8,18;163,60;139,00;119,00;-20,00;0,00
"27777";"BM-F1717 CONJUNTO DE POTES PORTA CONDIMENTOS";"73239300";"Loja 1 (Loja)";"Loja 3 (CD)";25,00;4,10;102,50;38,00;13,00;-25,00;0,00
"27779";"BM-F1325 ALICATE PARA APARAR UNHA DE PET - MATERIAL: ACO INOX";"82142000";"Loja 1 (Loja)";"Loja 3 (CD)";90,00;0,70;63,00;90,00;0,00;-90,00;0,00
"27787";"BOM-3217 CONJUNTO DE CHAVES COMBINADAS";"82041100";"Loja 1 (Loja)";"Loja 3 (CD)";20,00;18,04;360,80;24,00;4,00;-20,00;0,00
"27810";"GRAMPO/PIRANHA/PRESILHA  - NCM:71179000 - MATRIZ";"71179000";"Loja 3 (CD)";"Loja 1 (Loja)";23,00;8,00;184,00;274,00;251,00;-23,00;0,00
"27815";"CA0235 CANETA ESFEROGRÁFICA DIVERT GEL APAG 0.7MM LAÇOS - DISPLAY C/ 12UN";"96081000";"Loja 3 (CD)";"Loja 1 (Loja)";336,00;55,98;18.809,28;605,00;269,00;-336,00;0,00
"27818";"CB2001 CARIMBO PLÁSTICO INFANTIL - ZOO - DISPLAY";"96110000";"Loja 1 (Loja)";"Loja 3 (CD)";70,00;1,00;70,00;956,00;886,00;-70,00;0,00
"27836";"FDB662-HEI MOCHILA";"42022210";"Loja 1 (Loja)";"Loja 3 (CD)";1,00;1,00;1,00;21,00;20,00;-1,00;0,00
"27873";"NB2146 BOLSA";"42022210";"Loja 1 (Loja)";"Loja 3 (CD)";9,00;1,00;9,00;40,00;31,00;-9,00;0,00
"28033";"DNB-17-2 BOLSA DE NOTEBOOK";"42029200";"Loja 1 (Loja)";"Loja 3 (CD)";15,00;1,00;15,00;15,00;0,00;-15,00;0,00
"28071";"BOM-2486 CHUVEIRO ELETRICO COM DUCHA  SP";"85161000";"Loja 1 (Loja)";"Loja 3 (CD)";12,00;8,72;104,64;53,00;41,00;-12,00;0,00
"28098";"BOM-9761 KIT FERRAMENTAS MULTIFUNCOES ACOMPANHA 6 FERRAMENTAS";"84672999";"Loja 1 (Loja)";"Loja 3 (CD)";1,00;154,47;154,47;7,00;6,00;-1,00;0,00
"28155";"69026-26 - CADERNO ESPIRAL UNIV CD 15X1 240FLS 02/PT PET HOLIC FSC";"48202000";"Loja 3 (CD)";"Loja 1 (Loja)";5,00;46,88;234,40;6,00;1,00;-5,00;0,00
"28160";"69006-26 - CADERNO ESPIRAL UNIV CD 10X1 160FLS 04/PT DREAM FSC";"48202000";"Loja 1 (Loja)";"Loja 3 (CD)";1,00;54,13;54,13;52,00;51,00;-1,00;0,00
"28187";"72971-26 - CADERNO ESPIRAL 15X1 240FLS LIGA DA JUSTICA";"48202000";"Loja 3 (CD)";"Loja 1 (Loja)";1,00;62,02;62,02;6,00;5,00;-1,00;0,00
"28223";"LCW-WWJ1030 BRINQUEDOS PARA PET TAMANHO 32X10CM";"40169990";"Loja 1 (Loja)";"Loja 3 (CD)";60,00;0,55;33,00;126,00;66,00;-60,00;0,00
"28228";"BOM-3661 CONJUNTO FORMAO PARA MADEIRA 4 PECAS";"82053000";"Loja 1 (Loja)";"Loja 3 (CD)";13,00;6,28;81,64;37,00;24,00;-13,00;0,00
"28242";"LWJ-PC1920 - BASTAO DE COLA QUENTE REFIL UNIVERSAL - 6 PSÇ";"35061090";"Loja 1 (Loja)";"Loja 3 (CD)";66,00;0,64;42,24;186,00;120,00;-66,00;0,00
"28251";"SLK-D184 - CANIVETE PARA PESCA E CAÇA";"82119320";"Loja 3 (CD)";"Loja 1 (Loja)";2,00;1,38;2,76;70,00;68,00;-2,00;0,00
"28289";"LB-CM16 -CARTAO DE MEMORIA  CAPACIDADE DE 16GB COM ADAPTADOR P/ SD";"85235110";"Loja 1 (Loja)";"Loja 3 (CD)";238,00;1,00;238,00;290,00;52,00;-238,00;0,00
"28292";"LB-CM64 - CARTAO DE MEMORIA FLASH FORMATO MICRO SD";"85235110";"Loja 3 (CD)";"Loja 1 (Loja)";1,00;1,00;1,00;53,00;52,00;-1,00;0,00
"28301";"LE-871C CABO COM CONECTOR USB-A: V";"85444200";"Loja 3 (CD)";"Loja 1 (Loja)";6,00;0,43;2,58;30,00;24,00;-6,00;0,00
"28319";"BRINCO - NCM:71179000- MATRIZ";"71179000";"Loja 3 (CD)";"Loja 1 (Loja)";19,00;0,17;3,23;2.088,00;2.069,00;-19,00;0,00
"28326";"130 MALA P/ VIAGEM DE MAÕS DIMENSÃO 20 PU-1 . MALA 10KG";"42021210";"Loja 3 (CD)";"Loja 1 (Loja)";1,00;17,30;17,30;8,00;7,00;-1,00;0,00
"28349";"MF8212 CONJUNTO DE BOLSAS ( BOLSA ESTOJO E LANCHEIRA)";"42029200";"Loja 1 (Loja)";"Loja 3 (CD)";10,00;1,17;11,70;39,00;29,00;-10,00;0,00
"28375";"XL-30   BOLSA";"42029200";"Loja 1 (Loja)";"Loja 3 (CD)";32,00;1,17;37,44;58,00;26,00;-32,00;0,00
"28417";"18 MOCHILA JUVENIL FEMININA 44.5*32*13CM";"42029200";"Loja 3 (CD)";"Loja 1 (Loja)";1,00;18,73;18,73;117,00;116,00;-1,00;0,00
"28434";"MM9188-C KIT MOCHILA JUVENIL MASCULINA CARRINHO 2 3UN";"42029200";"Loja 3 (CD)";"Loja 1 (Loja)";12,00;28,09;337,08;50,00;38,00;-12,00;0,00
"28455";"SOM-10-CAIXA DE SOM COM SUPORTE PARA CELULAR / RADIO FM.";"85271300";"Loja 1 (Loja)";"Loja 3 (CD)";4,00;4,05;16,20;95,00;91,00;-4,00;0,00
"28462";"SOM-5391 MINI CAIXA DE SOM PORTATIL";"85271300";"Loja 1 (Loja)";"Loja 3 (CD)";24,00;5,55;133,20;72,00;48,00;-24,00;0,00
"28465";"LE-407 A+C - CARREGADOR UNIVERSAL DE CELULAR COM 2 ENTRADA USB-C P/USB-C";"85044010";"Loja 1 (Loja)";"Loja 3 (CD)";71,00;1,95;138,45;180,00;109,00;-71,00;0,00
"28466";"OIH-4600 - CERCADINHO DELIMITADOR:";"39269090";"Loja 3 (CD)";"Loja 1 (Loja)";1,00;65,42;65,42;3,00;2,00;-1,00;0,00
"28467";"LE-357-4 - CARREGADOR UNIVERSAL DE CELULAR COM 1 ENTRADA USB-C E CABO USB-C";"85044010";"Loja 1 (Loja)";"Loja 3 (CD)";30,00;1,65;49,50;208,00;178,00;-30,00;0,00
"28468";"LE-357IOS - CARREGADOR UNIVERSAL DE CELULAR COM 1 ENTRADA USB-C E CABO USB-C";"85044010";"Loja 1 (Loja)";"Loja 3 (CD)";16,00;1,66;26,56;144,00;128,00;-16,00;0,00
"28470";"AK-7513 - COPO DE PLASTICO COM LUZ LED TAMPA E CANUDO - CAPACIDADE: 750ML";"39241000";"Loja 1 (Loja)";"Loja 3 (CD)";26,00;4,31;112,06;44,00;18,00;-26,00;0,00
"28542";"DMT6740 - TRICICLO 360O CINZA COM EMPURR";"95030010";"Loja 1 (Loja)";"Loja 3 (CD)";1,00;168,69;168,69;1,00;0,00;-1,00;0,00
"28649";"D1542 - PIPOQUEIRA PARA MICROONDAS 185X185X12CM";"39241000";"Loja 1 (Loja)";"Loja 3 (CD)";6,00;1,00;6,00;32,00;26,00;-6,00;0,00
"28651";"D1427 - TAMPA A VACUO PARA VINHOS 47X72CM";"39235000";"Loja 1 (Loja)";"Loja 3 (CD)";68,00;1,00;68,00;68,00;0,00;-74,00;-6,00
"28655";"D1214 - SPRAY MOP LIMPA VIDROS 4 EM 1 30X26X10CM";"96039000";"Loja 1 (Loja)";"Loja 3 (CD)";8,00;1,00;8,00;8,00;0,00;-14,00;-6,00
"28698";"PLHA007 PILHA COMUM AA 4PC";"85061019";"Loja 3 (CD)";"Loja 1 (Loja)";215,00;0,67;144,05;1.383,00;1.168,00;-215,00;0,00
"28705";"46257 IRRIGADOR ORAL";"84248910";"Loja 1 (Loja)";"Loja 3 (CD)";19,00;3,00;57,00;19,00;0,00;-40,00;-21,00
"28709";"HBBA11820 BRINCO FOLHEADO";"71171900";"Loja 3 (CD)";"Loja 1 (Loja)";1,00;2,35;2,35;29,00;28,00;-1,00;0,00
"28731";"TOP2214 - VASO CIMENTO C/ FLOR ARTIFICIAL 9X9X16.5CM";"68118900";"Loja 3 (CD)";"Loja 1 (Loja)";24,00;6,02;144,48;30,00;6,00;-24,00;0,00
"28732";"TOP2217 - VASO CIMENTO C  FLOR ARTIFICIAL 10X10X20.5CM";"68118900";"Loja 1 (Loja)";"Loja 3 (CD)";1,00;7,05;7,05;27,00;26,00;-1,00;0,00
"28828";"BM-F1498 - PAR DE LUVAS MEIO DEDO - 5 DEDOS";"61169300";"Loja 3 (CD)";"Loja 1 (Loja)";30,00;1,67;50,10;154,00;124,00;-30,00;0,00
"28830";"BM-8630 - CABO COM CONECTOR 2 METROS TYE-C";"85444200";"Loja 1 (Loja)";"Loja 3 (CD)";41,00;1,00;41,00;157,00;116,00;-41,00;0,00
"28866";"BM-F1417 - SUPORTE ORGANIZADOR DE PAREDE PARA BANHEIRO";"73239300";"Loja 1 (Loja)";"Loja 3 (CD)";40,00;5,80;232,00;176,00;136,00;-40,00;0,00
"28889";"LE-627 FUNTE - CARREGADOR UNIVERSAL DE CELULAR COM 1 ENTRADA USB";"85044010";"Loja 3 (CD)";"Loja 1 (Loja)";3,00;2,20;6,60;115,00;112,00;-3,00;0,00
"28894";"LEF-1220 - PROTETOR AURICULAR DO TIPO CONCHA DE PLASTICO";"39269090";"Loja 1 (Loja)";"Loja 3 (CD)";13,00;1,00;13,00;39,00;26,00;-13,00;0,00
"28896";"LWJ-1803 - PISTOLA DE COLA QUENTE. 127-220V";"85167990";"Loja 1 (Loja)";"Loja 3 (CD)";23,00;3,96;91,08;51,00;28,00;-23,00;0,00
"28919";"2700 KART - FORMULA REDSHIFT R3 12V VERMELHO";"95030097";"Loja 1 (Loja)";"Loja 3 (CD)";1,00;484,95;484,95;4,00;3,00;-1,00;0,00
"28922";"BOM-9972 FURADEIRA E PARAFUSADEIRA SEM FIO 24 PECAS";"84672992";"Loja 1 (Loja)";"Loja 3 (CD)";5,00;16,59;82,95;18,00;13,00;-5,00;0,00
"28924";"2204 MINI CARRINHO PULSE XR7 12V LARANJA";"95030097";"Loja 1 (Loja)";"Loja 3 (CD)";1,00;669,23;669,23;2,00;1,00;-1,00;0,00
"28928";"LE-2410 FONE DE OUVIDO SEM FIO";"85183000";"Loja 1 (Loja)";"Loja 3 (CD)";5,00;2,70;13,50;72,00;67,00;-5,00;0,00
"28935";"TOPET0002 MORDEDOR P/ PET GALINHA QUE GRITA 28M";"39269090";"Loja 1 (Loja)";"Loja 3 (CD)";54,00;1,75;94,50;54,00;0,00;-55,00;-1,00
"29000";"IF01011 JOELHEIRA MATERIAL - TAMANHO: 27X165X135CM";"63079090";"Loja 1 (Loja)";"Loja 3 (CD)";4,00;2,91;11,64;40,00;36,00;-4,00;0,00
"29005";"IP01023 TESOURA DE UNHAS PARA PETS EM PP E ACO INOXIDAVEL; 12X6CM";"82130000";"Loja 1 (Loja)";"Loja 3 (CD)";4,00;1,40;5,60;78,00;74,00;-4,00;0,00
"29007";"IP01076 KIT SACOLAS SANITARIAS PARA PET";"39232110";"Loja 1 (Loja)";"Loja 3 (CD)";7,00;1,25;8,75;182,00;175,00;-7,00;0,00
"29076";"16-1669 - KIT MOCHILA - 3 PECAS";"42022220";"Loja 2 (Depósito)";"Loja 1 (Loja)";7,00;4,07;28,49;369,00;362,00;-7,00;0,00
"29084";"EFP1146 ESTATUA DECORATIVA MULHER YOGA";"69139000";"Loja 1 (Loja)";"Loja 3 (CD)";24,00;9,21;221,04;48,00;24,00;-24,00;0,00
"29106";"MDF23162 PLACA DECORATIVA DE MADEIRA - MDF";"44201900";"Loja 1 (Loja)";"Loja 3 (CD)";14,00;1,00;14,00;93,00;79,00;-14,00;0,00
"29116";"PC10246 PROTECAO DE PE DE MOVEIS - 16";"45039000";"Loja 1 (Loja)";"Loja 3 (CD)";116,00;1,92;222,72;199,00;83,00;-116,00;0,00
"29163";"NEW-205 MASSAGEADOR CORPORAL RECARREGAVEL USB 12V";"90191000";"Loja 1 (Loja)";"Loja 3 (CD)";10,00;4,05;40,50;162,00;152,00;-10,00;0,00
"29165";"BOM-7021 LAVADORA DE PRESSAO PORTATIL - TENSAO: 21 V";"84243010";"Loja 1 (Loja)";"Loja 3 (CD)";5,00;44,71;223,55;7,00;2,00;-5,00;0,00
"29172";"BWGFJ CANETA TOUCH 48PCS";"62064000";"Loja 1 (Loja)";"Loja 3 (CD)";28,00;7,16;200,48;12.755,00;12.727,00;-28,00;0,00
"29187";"BJ001 ESCOVA DE DENTES ELETRICA PARA CRIANCAS - CORES VARIADAS";"96032900";"Loja 1 (Loja)";"Loja 3 (CD)";46,00;1,00;46,00;107,00;61,00;-46,00;0,00
"29193";"K122 KARAOKE 1 CAIXINHA DE SOM 2 MINI MICROFONE K12";"62069000";"Loja 1 (Loja)";"Loja 3 (CD)";27,00;25,00;675,00;62,00;35,00;-27,00;0,00
"29220";"CILIOS/ PERUCA  - NCM:14042010 - MATRIZ";"14042010";"Loja 3 (CD)";"Loja 1 (Loja)";2,00;0,42;0,84;99,00;97,00;-2,00;0,00
"29331";"TRC0301 ESCOVA ANTI-PO FLEXIVEL 8X124CM";"96039000";"Loja 1 (Loja)";"Loja 3 (CD)";37,00;1,00;37,00;83,00;46,00;-37,00;0,00
"29397";"BM-F1727 SUPORTE DE TOALHA - MATERIAL ACO INOX - TAMANHO: 17*35*20CM";"73239300";"Loja 1 (Loja)";"Loja 3 (CD)";30,00;2,70;81,00;54,00;24,00;-30,00;0,00
"29423";"BM-F982 LUMINARIA ARTICULADA DE MESA - LED - FONTE DE ALIMENTACAO";"94052100";"Loja 1 (Loja)";"Loja 3 (CD)";10,00;3,25;32,50;33,00;23,00;-10,00;0,00
"29427";"BT-543 PACOTE DE ABRACADEIRA DE NYLON 90*5MM ( CADA PACOTE CONTEM 100 PECA";"39169090";"Loja 1 (Loja)";"Loja 3 (CD)";2,00;3,50;7,00;6,00;4,00;-2,00;0,00
"29428";"BT-548 CHAVE TESTE TIPO CANETA 100V~500V COM 130MM MARCA B-TEK REFERENCIA B";"90303319";"Loja 1 (Loja)";"Loja 3 (CD)";30,00;0,46;13,80;195,00;165,00;-30,00;0,00
"29433";"BT-590 JOGO DE BROCAS 5 PECAS DE ACO RAPIDO DIAMETROS 4MM 5MM 6MM 8MM 10M";"82071910";"Loja 1 (Loja)";"Loja 3 (CD)";78,00;1,91;148,98;78,00;0,00;-80,00;-2,00
"29439";"BM-F1316 SUPORTE DE TOALHA FEITO EM METAL - TAMANHO: 505*75*95CM MARCA B-MAX";"73239900";"Loja 1 (Loja)";"Loja 3 (CD)";18,00;3,17;57,06;55,00;37,00;-18,00;0,00
"29447";"BM-F1591 CONJUNTO DE SUPORTE PORTA TOALHAS COM VENTOSA CONTEM 2 PECAS - FEI";"73239300";"Loja 1 (Loja)";"Loja 3 (CD)";23,00;5,55;127,65;34,00;11,00;-23,00;0,00
"29448";"BM-F1654 TAPETE PARA BANHEIRO - MATERIAL: PVC - TAMANHO: 33*63CM";"39269090";"Loja 1 (Loja)";"Loja 3 (CD)";91,00;4,22;384,02;315,00;224,00;-91,00;0,00
"29449";"BM-F1655 TAPETE PARA BANHEIRO - MATERIAL: PVC - TAMANHO: 33*63CM - FORMATO: RETA";"39269090";"Loja 1 (Loja)";"Loja 3 (CD)";8,00;4,86;38,88;94,00;86,00;-8,00;0,00
"29453";"BM-F1728 PRATELEIRA DE CANTO MULTIFUNCIONAL PARA BANHEIRO - TAMANHO: 16*175*16";"73239300";"Loja 1 (Loja)";"Loja 3 (CD)";8,00;5,98;47,84;25,00;17,00;-8,00;0,00
"29460";"BM-F1729 PRATELEIRAS DE BANHEIRO DE INOX -  21CM* 21CM* 19CM* 9CM* 13CM* 46CM";"73239300";"Loja 1 (Loja)";"Loja 3 (CD)";24,00;6,88;165,12;56,00;32,00;-24,00;0,00
"29519";"OIH-3250 BALANCA DIGITAL INTELIGENTE 180KG";"84231000";"Loja 1 (Loja)";"Loja 3 (CD)";40,00;1,06;42,40;58,00;18,00;-40,00;0,00
"29521";"OIH-3251 BALANCA DIGITAL INTELIGENTE 180KG";"84231000";"Loja 1 (Loja)";"Loja 3 (CD)";40,00;1,06;42,40;67,00;27,00;-40,00;0,00
"29537";"LE-2461 FONE DE OUVIDO";"85183000";"Loja 1 (Loja)";"Loja 3 (CD)";40,00;1,00;40,00;110,00;70,00;-40,00;0,00
"29553";"MAX-0570 CARREGADOR PORTATIL POWER BANK";"85076000";"Loja 1 (Loja)";"Loja 3 (CD)";10,00;4,83;48,30;95,00;85,00;-10,00;0,00
"29562";"SD-410D CAMPAINHA INTELIGENTE COM VISOR 600MAH";"85318000";"Loja 1 (Loja)";"Loja 3 (CD)";20,00;38,97;779,40;125,00;105,00;-20,00;0,00
"29625";"YU2164 - TAPETE DE 38CM X 58CM";"39249000";"Loja 1 (Loja)";"Loja 3 (CD)";50,00;0,85;42,50;142,00;92,00;-50,00;0,00
"29642";"BOM-9959 - CONJUNTO DE PARAFUSADEIRA/FURADEIRA COM BATERIA 21V";"84672992";"Loja 1 (Loja)";"Loja 3 (CD)";10,00;7,96;79,60;12,00;2,00;-10,00;0,00
"29652";"LKY-0045 - LUMINARIA SOLAR DE PAREDE PARA AMBIENTES EXTERNOS";"94054100";"Loja 1 (Loja)";"Loja 3 (CD)";78,00;14,09;1.099,02;99,00;21,00;-78,00;0,00
"29758";"XY-020 - GM213-221 - TATOO ADESIVO";"39199090";"Loja 1 (Loja)";"Loja 3 (CD)";208,00;1,75;364,00;208,00;0,00;-288,00;-80,00
"29759";"D-L128-240 CARTEIRA MASCULINA";"42023200";"Loja 1 (Loja)";"Loja 3 (CD)";59,00;1,48;87,32;166,00;107,00;-59,00;0,00
"29764";"C2121 - CHINELO NUVEM EVA CRI";"64029990";"Loja 3 (CD)";"Loja 1 (Loja)";87,00;6,81;592,47;240,00;153,00;-87,00;0,00
"29796";"TOP0738 - SACO RETANGULAR PARA LAVAGEM";"63079090";"Loja 1 (Loja)";"Loja 3 (CD)";1,00;1,09;1,09;49,00;48,00;-1,00;0,00
"29802";"TOP0965 - SACO PARA LAVAGEM 30X40CM";"63079090";"Loja 1 (Loja)";"Loja 3 (CD)";1,00;0,98;0,98;44,00;43,00;-1,00;0,00
"29803";"TOP0966 - SACO PARA LAVAGEM 50X60CM";"63079090";"Loja 1 (Loja)";"Loja 3 (CD)";31,00;1,00;31,00;69,00;38,00;-31,00;0,00
"29806";"MAY-032 MINI VIDEOGAME PORTÁTIL";"95045000";"Loja 1 (Loja)";"Loja 3 (CD)";40,00;30,50;1.220,00;124,00;84,00;-40,00;0,00
"29807";"TOP1894 - TABUA P  ALIMENTOS 33X20X055CM";"39241000";"Loja 1 (Loja)";"Loja 3 (CD)";46,00;1,00;46,00;96,00;50,00;-46,00;0,00
"29812";"TOP2685 - AMPULHETA DECORATIVA DE BAMBU 10 MINUTOS";"39264000";"Loja 3 (CD)";"Loja 1 (Loja)";1,00;5,28;5,28;8,00;7,00;-1,00;0,00
"29832";"LEY-1679 - SUPORTE  PARA CELULAR FIXACAO CLIP NA SAIDA DE AR E BASE FIXA";"39269090";"Loja 1 (Loja)";"Loja 3 (CD)";30,00;0,87;26,10;114,00;84,00;-30,00;0,00
"29846";"ION-1010 - PISTOLA MASSAGEADORA CORPORAL RECARREGAVEL";"90191000";"Loja 1 (Loja)";"Loja 3 (CD)";29,00;5,10;147,90;181,00;152,00;-29,00;0,00
"29859";"ION-1080 - MASSAGEADOR FACIAL RECARREGAVEL";"90191000";"Loja 1 (Loja)";"Loja 3 (CD)";20,00;2,84;56,80;112,00;92,00;-20,00;0,00
"29870";"DIS012 DISPENSER PARA SABONETE LIQUIDO";"69120000";"Loja 1 (Loja)";"Loja 3 (CD)";7,00;1,00;7,00;52,00;45,00;-7,00;0,00
"29896";"KABA11572 ANEL PRATEADO ANTIALERGICO";"71171900";"Loja 3 (CD)";"Loja 1 (Loja)";106,00;0,33;34,98;324,00;218,00;-106,00;0,00
"29967";"CA08060 - KIT COM 3 PECAS: TABUA DE CORTE FACA E RALADOR";"82152000";"Loja 1 (Loja)";"Loja 3 (CD)";24,00;8,11;194,64;46,00;22,00;-24,00;0,00
"29970";"CA09986 - AMOLADOR DE FACA MANUAL DE USO DOMESTICO";"82055100";"Loja 1 (Loja)";"Loja 3 (CD)";11,00;1,00;11,00;63,00;52,00;-11,00;0,00
"29978";"CA15293 - PANO DE PRATO; TAMANHO: 38X65CM";"63071000";"Loja 1 (Loja)";"Loja 3 (CD)";12,00;1,00;12,00;87,00;75,00;-12,00;0,00
"29980";"CA15455 - LUVA DE PROTECAO PARA FORNO EM POLIESTER REVESTIDO";"62160000";"Loja 1 (Loja)";"Loja 3 (CD)";8,00;1,00;8,00;60,00;52,00;-8,00;0,00
"29982";"CA17013 - CONJUNTO DE CABIDES CONTENDO 5 PECAS";"39249000";"Loja 1 (Loja)";"Loja 3 (CD)";50,00;3,51;175,50;134,00;84,00;-50,00;0,00
"29983";"CA17014 - CONJUNTO DE CABIDES";"44211000";"Loja 1 (Loja)";"Loja 3 (CD)";9,00;4,13;37,17;87,00;78,00;-9,00;0,00
"29987";"CA17075 - CONJUNTO DE CABIDES COM PRESILHAS";"83025000";"Loja 1 (Loja)";"Loja 3 (CD)";16,00;1,00;16,00;68,00;52,00;-16,00;0,00
"29992";"CX248 - QUEIJEIRA COM TAMPA";"44191900";"Loja 1 (Loja)";"Loja 3 (CD)";6,00;1,00;6,00;35,00;29,00;-6,00;0,00
"29993";"CX260 - BANDEJA  295X295X12CM";"44199000";"Loja 1 (Loja)";"Loja 3 (CD)";29,00;1,00;29,00;61,00;32,00;-29,00;0,00
"29998";"LWJ-H1803 KIT CHAVES COM 6 PECAS";"82059000";"Loja 1 (Loja)";"Loja 3 (CD)";15,00;1,00;15,00;60,00;45,00;-15,00;0,00
"30012";"LE-2460 - FONE DE OUVIDO SEM FIO";"85183000";"Loja 1 (Loja)";"Loja 3 (CD)";8,00;3,06;24,48;63,00;55,00;-8,00;0,00
"30016";"ON-TWS36 FONE DE OUVIDO SEM FIO BLUETOOTH";"85183000";"Loja 1 (Loja)";"Loja 3 (CD)";45,00;1,50;67,50;70,00;25,00;-45,00;0,00
"30029";"OIF-7309 EQUIPAMENTOS PARA GINASTICA";"95069100";"Loja 1 (Loja)";"Loja 3 (CD)";10,00;4,00;40,00;90,00;80,00;-10,00;0,00
"30031";"BOM-4237 - LANTERNA DE TRABALHO PORTATIL";"85131010";"Loja 1 (Loja)";"Loja 3 (CD)";30,00;2,71;81,30;76,00;46,00;-30,00;0,00
"30032";"BOM-8924 - BOMBA DEAR COMPRESSOR DIGITAL PORTATIL COM LED";"84148019";"Loja 1 (Loja)";"Loja 3 (CD)";51,00;5,19;264,69;80,00;29,00;-51,00;0,00
"30036";"NSP-2054 SUPORTE DE PLASTICO EMPVC PARA CELULAR";"39269090";"Loja 1 (Loja)";"Loja 3 (CD)";188,00;4,92;924,96;368,00;180,00;-188,00;0,00
"30038";"NFB-139- FONE DE OUVIDO BLUETOOTH";"85183000";"Loja 1 (Loja)";"Loja 3 (CD)";108,00;1,00;108,00;316,00;208,00;-108,00;0,00
"30039";"BOM-5642 - FERRAMENTA INTEGRADA DE ROSQUEAMENTO";"82074010";"Loja 1 (Loja)";"Loja 3 (CD)";112,00;4,05;453,60;112,00;0,00;-150,00;-38,00
"30041";"BOM-3647 -  CONJUNTO CAIXA DE MEIA ESQUADRIA COM SERROTE";"82021000";"Loja 1 (Loja)";"Loja 3 (CD)";10,00;3,93;39,30;10,00;0,00;-20,00;-10,00
"30044";"BOM-5641 - FERRAMENTA INTEGRADA DE ROSQUEAMENTO";"82074010";"Loja 1 (Loja)";"Loja 3 (CD)";110,00;1,04;114,40;128,00;18,00;-110,00;0,00
"30061";"KL-1532 - LUMINARIA DE MESA EM PLASTICO 3D PARA ESCREVER TIPO LOUSA";"94052100";"Loja 1 (Loja)";"Loja 3 (CD)";75,00;1,00;75,00;75,00;0,00;-94,00;-19,00
"30064";"LKJ-141 UMIDIFICADOR DE AR DE USO DOMESTICO ALIEMNTACAO VIA CABO USB";"85098090";"Loja 1 (Loja)";"Loja 3 (CD)";20,00;3,86;77,20;47,00;27,00;-20,00;0,00
"30068";"KL-1542 - LUMINARIA DE MESA EM PLASTICO 3D PARA ESCREVER";"94052100";"Loja 1 (Loja)";"Loja 3 (CD)";5,00;1,00;5,00;95,00;90,00;-5,00;0,00
"30083";"KL-1546 - LUMINARIA PARA DECORACAO DE MESA/SALA";"94052100";"Loja 1 (Loja)";"Loja 3 (CD)";40,00;0,29;11,60;130,00;90,00;-40,00;0,00
"30085";"LCW-YYF23-XL - ROUPA DE PET";"62019000";"Loja 1 (Loja)";"Loja 3 (CD)";31,00;1,86;57,66;54,00;23,00;-31,00;0,00
"30093";"LEY-2177 - SUPORTE DE PLASTICO PARA CELULAR DOBRAVEL DE MESA";"39269090";"Loja 1 (Loja)";"Loja 3 (CD)";20,00;2,24;44,80;100,00;80,00;-20,00;0,00
"30097";"BOM-1124 CHAVE PHILLIPS 8 POLEGADAS COM CABO DE PLASTICO";"82055900";"Loja 1 (Loja)";"Loja 3 (CD)";60,00;3,36;201,60;156,00;96,00;-60,00;0,00
"30114";"NY-02 RING LIGHT 10POLEGADAS ACOMPANHA NY-06 TRIPE 2.1M";"39269090";"Loja 1 (Loja)";"Loja 3 (CD)";30,00;0,87;26,10;49,00;19,00;-30,00;0,00
"30123";"W3016 BOLSA FEMININA P (18 00)";"42022220";"Loja 1 (Loja)";"Loja 3 (CD)";20,00;5,00;100,00;75,00;55,00;-20,00;0,00
"30125";"W3017 BOLSA FEMININA P (1800)";"42022220";"Loja 1 (Loja)";"Loja 3 (CD)";55,00;5,00;275,00;100,00;45,00;-55,00;0,00
"30164";"020250538 TEMPERA GUACHE 250 ML AMARELO PESSEGO";"32131000";"Loja 1 (Loja)";"Loja 3 (CD)";48,00;1,00;48,00;70,00;22,00;-48,00;0,00
"30184";"DELTA-S431  SUPORTE DE PLASTICO PARA CONTROLE DE VIDEOGAME E FONE DE OUVIDO";"85189090";"Loja 1 (Loja)";"Loja 3 (CD)";30,00;7,44;223,20;37,00;7,00;-30,00;0,00
"30186";"091270000 BIG GIZ DE CERA - 24 CORES";"96099000";"Loja 1 (Loja)";"Loja 3 (CD)";15,00;8,59;128,85;51,00;36,00;-15,00;0,00
"30197";"Q221-2601 - CHAVEIROS";"71179000";"Loja 3 (CD)";"Loja 1 (Loja)";1,00;0,30;0,30;27,00;26,00;-1,00;0,00
"30271";"Q12-1702 - BRINCO DE AÇO";"71179000";"Loja 3 (CD)";"Loja 1 (Loja)";3,00;9,60;28,80;105,00;102,00;-3,00;0,00
"30339";"MTG-035A SUPORTE DE PLASTICO PARA CELULAR/GPS";"39269090";"Loja 1 (Loja)";"Loja 3 (CD)";3,00;2,76;8,28;63,00;60,00;-3,00;0,00
"30349";"LCW-WWJ01M GALINHA DE BRINQUEDO COM APITO";"40169990";"Loja 1 (Loja)";"Loja 3 (CD)";1,00;3,15;3,15;101,00;100,00;-1,00;0,00
"30355";"LCW-YYF24-S ROUPA PARA CAES CONFECCIONADA EM POLIESTER COMPLETO";"42010090";"Loja 1 (Loja)";"Loja 3 (CD)";46,00;1,00;46,00;46,00;0,00;-108,00;-62,00
"30357";"LCW-YYF26-M ROUPA PARA CAES CONFECCIONADA EM POLIESTER";"42010090";"Loja 1 (Loja)";"Loja 3 (CD)";1,00;1,92;1,92;35,00;34,00;-1,00;0,00
"30358";"LK-BL02 CADEADO DE SEGURANCA PARA BICICLETA OU MOTO";"83011000";"Loja 1 (Loja)";"Loja 3 (CD)";18,00;20,70;372,60;18,00;0,00;-18,00;0,00
"30359";"LK-BL04 BLOQUEADOR PARA BICICLETA-12*1200MM";"83011000";"Loja 1 (Loja)";"Loja 3 (CD)";1,00;2,87;2,87;72,00;71,00;-1,00;0,00
"30366";"LWJ-143 KIT DE CHAVE COMBINADA 12 PEÇAS - 6/7/8/9/10/11/12/13/14/17/19/22";"82041100";"Loja 1 (Loja)";"Loja 3 (CD)";20,00;10,10;202,00;42,00;22,00;-20,00;0,00
"30369";"LWJ-179-14 JOGO DE CATRACA COM VARIAS PONTEIRAS DE DIVERSAS MEDIDAS";"82041200";"Loja 1 (Loja)";"Loja 3 (CD)";20,00;20,25;405,00;40,00;20,00;-20,00;0,00
"30370";"LWJ-1977 JOGO DE LIMAS AGULHA COM 12 PECAS";"82031090";"Loja 1 (Loja)";"Loja 3 (CD)";20,00;2,62;52,40;28,00;8,00;-20,00;0,00
"30389";"LCW-SSE202 CORTA-UNHAS PARA PET";"82149090";"Loja 1 (Loja)";"Loja 3 (CD)";38,00;1,43;54,34;137,00;99,00;-38,00;0,00
"30393";"LCW-SSE208 CORTA-UNHAS PARA PET";"82149090";"Loja 3 (CD)";"Loja 1 (Loja)";2,00;1,43;2,86;316,00;314,00;-2,00;0,00
"30431";"LJ2333  PLACA AUTO ADESIVO PARAPAREDESPISO";"39189000";"Loja 3 (CD)";"Loja 1 (Loja)";397,00;5,88;2.334,36;702,00;305,00;-397,00;0,00
"30581";"BM-S1088 - RADIO VINTAGE";"85271300";"Loja 1 (Loja)";"Loja 3 (CD)";30,00;1,56;46,80;45,00;15,00;-30,00;0,00
"30584";"V-LE-12 CABO COM CONECTOR VGA PARA MONITOR:";"85444200";"Loja 1 (Loja)";"Loja 3 (CD)";51,00;2,55;130,05;120,00;69,00;-51,00;0,00
"30605";"LE-3094-14 ANTENA DIGITAL PARA TV:";"85291090";"Loja 1 (Loja)";"Loja 3 (CD)";40,00;1,38;55,20;40,00;0,00;-100,00;-60,00
"30607";"BM-054 - APARELHO DE EVAPORACAO PARA ARREFECIMENTO DO AR";"85098090";"Loja 1 (Loja)";"Loja 3 (CD)";20,00;4,20;84,00;45,00;25,00;-20,00;0,00
"30623";"LWJ-2221 - JOGO DE BROCAS ESCALONADAS";"82075019";"Loja 1 (Loja)";"Loja 3 (CD)";7,00;1,00;7,00;7,00;0,00;-450,00;-443,00
"30660";"ACESSORIOS PARA CABELO - NCM:96162000 - MATRIZ";"96162000";"Loja 3 (CD)";"Loja 1 (Loja)";2,00;2,40;4,80;78,00;76,00;-2,00;0,00
"30675";"LBDA11823 BRINCO DE METAL";"71179000";"Loja 3 (CD)";"Loja 1 (Loja)";1,00;0,53;0,53;78,00;77,00;-1,00;0,00
"30678";"LGAG01802 - PIRANHA DE PLASTICO";"96151900";"Loja 3 (CD)";"Loja 1 (Loja)";1,00;0,12;0,12;30,00;29,00;-1,00;0,00
"30685";"MBDA25601 - BRINCO DE METAL";"71179000";"Loja 3 (CD)";"Loja 1 (Loja)";2,00;0,90;1,80;183,00;181,00;-2,00;0,00
"30705";"MBBA48827 BRINCO DE METAL";"71179000";"Loja 3 (CD)";"Loja 1 (Loja)";3,00;0,73;2,19;93,00;90,00;-3,00;0,00
"30708";"MBCA08542 BBRINCO DE METAL";"71179000";"Loja 3 (CD)";"Loja 1 (Loja)";1,00;0,33;0,33;71,00;70,00;-1,00;0,00
"30710";"MBCA28173 - BRINCO DE METAL";"71171900";"Loja 3 (CD)";"Loja 1 (Loja)";1,00;0,53;0,53;71,00;70,00;-1,00;0,00
"30721";"MBCA38532 BRINCO DE METAL";"71179000";"Loja 3 (CD)";"Loja 1 (Loja)";2,00;0,73;1,46;86,00;84,00;-2,00;0,00
"30846";"111 JOGO DE DAMAS";"95030099";"Loja 1 (Loja)";"Loja 3 (CD)";1,00;4,23;4,23;28,00;27,00;-1,00;0,00
"30863";"BM-C068 CORTADOR DE CABELO";"85101000";"Loja 1 (Loja)";"Loja 3 (CD)";36,00;4,75;171,00;120,00;84,00;-36,00;0,00
"30871";"BRACELETE";"82121020";"Loja 3 (CD)";"Loja 1 (Loja)";27,00;0,33;8,91;237,00;210,00;-27,00;0,00
"30891";"BM-S106 MINI CAIXA DE SOM -  VIA  BLUETOOTH - POTENCIA: 3W - BATERIA: 5V/500MAH";"85185000";"Loja 1 (Loja)";"Loja 3 (CD)";88,00;2,54;223,52;124,00;36,00;-88,00;0,00
"30967";"LEF-1215 - FONE DE OUVIDO  CABO DE 12M  P2 35MMMICROFONE EMB";"85183000";"Loja 3 (CD)";"Loja 1 (Loja)";155,00;1,50;232,50;155,00;0,00;-1.114,00;-959,00
"31001";"LMF-2114 KIT DE FRASCOS DE VIAGEM TRANSPARENTES CONTENDO CINCO RECIPIENTES";"39233090";"Loja 1 (Loja)";"Loja 3 (CD)";6,00;2,24;13,44;65,00;59,00;-6,00;0,00
"31003";"OI-5471 - CONJUNTO 65 PECAS DE PARAFUSO ROSCADO DE METAL";"73181500";"Loja 3 (CD)";"Loja 1 (Loja)";4,00;0,56;2,24;120,00;116,00;-4,00;0,00
"31005";"BOM-2614 - CADEADO FLEXIVEL PARA BICICLETA";"83011000";"Loja 1 (Loja)";"Loja 3 (CD)";5,00;1,28;6,40;71,00;66,00;-5,00;0,00
"31011";"BOM-5040 - FERRAMENTAS DE USO DOMESTICOCONJUNTO DE 10 PONTAS PHILIPS";"82055900";"Loja 1 (Loja)";"Loja 3 (CD)";20,00;1,27;25,40;200,00;180,00;-20,00;0,00
"31030";"OI-5588 - CONJUNTO 10 PECAS DE PARAFUSO ROSCADO DE METAL";"73181500";"Loja 3 (CD)";"Loja 1 (Loja)";1,00;0,66;0,66;129,00;128,00;-1,00;0,00
"31031";"OI-5498 - CONJUNTO 18 PECAS DE PREGO DE METAL COMUM";"73181500";"Loja 3 (CD)";"Loja 1 (Loja)";1,00;0,52;0,52;136,00;135,00;-1,00;0,00
"31033";"OI-5492 - CONJUNTO 75 PECAS DE PREGO DE METAL COMUM";"73181500";"Loja 3 (CD)";"Loja 1 (Loja)";1,00;0,46;0,46;91,00;90,00;-1,00;0,00
"31038";"OI-5500 - CONJUNTO 10 PECAS DE PREGO DE METAL";"73181500";"Loja 3 (CD)";"Loja 1 (Loja)";1,00;0,52;0,52;134,00;133,00;-1,00;0,00
"31042";"OI-5593 - CONJUNTO 10 PECAS DE PARAFUSO ROSCADO DE METAL";"73181500";"Loja 3 (CD)";"Loja 1 (Loja)";1,00;1,24;1,24;127,00;126,00;-1,00;0,00
"31057";"W-13 ESTILETE COMPOSICAO METAL (FERRO)";"82119390";"Loja 1 (Loja)";"Loja 3 (CD)";36,00;0,81;29,16;206,00;170,00;-36,00;0,00
"31064";"ION-0978 MINI LIQUIDIFICADOR PORTATIL";"39241000";"Loja 1 (Loja)";"Loja 3 (CD)";34,00;1,00;34,00;70,00;36,00;-34,00;0,00
"31152";"PALAVRAS";"49030000";"Loja 3 (CD)";"Loja 1 (Loja)";1,00;7,60;7,60;17,00;16,00;-1,00;0,00
"31193";"UTL-6039 -SPRAY BORRIFADOR CULINARIO EM VIDRO";"70134290";"Loja 1 (Loja)";"Loja 3 (CD)";50,00;1,35;67,50;50,00;0,00;-50,00;0,00
"31198";"UTL-0770 ESCOVA DE DENTE ELETRICA INFANTIL";"85098090";"Loja 1 (Loja)";"Loja 3 (CD)";30,00;13,50;405,00;198,00;168,00;-30,00;0,00
"31217";"101 curiosidades - Futebol";"49019900";"Loja 3 (CD)";"Loja 1 (Loja)";2,00;3,32;6,64;90,00;88,00;-2,00;0,00
"31219";"NFB-123-FONE DE OUVIDO SEM FIO";"85183000";"Loja 1 (Loja)";"Loja 3 (CD)";30,00;1,00;30,00;30,00;0,00;-30,00;0,00
"31288";"8740 VELA DECORATIVA CORES SORTIDAS 8 PECAS";"34060000";"Loja 3 (CD)";"Loja 1 (Loja)";268,00;0,77;206,36;1.099,00;831,00;-268,00;0,00
"31291";"8739 VELA DECORATIVA BRANCA 10 PECAS";"34060000";"Loja 3 (CD)";"Loja 1 (Loja)";2,00;0,89;1,78;200,00;198,00;-2,00;0,00
"31295";"CH-0007-2 CONJUNTO DE PANELA DE 4 PECAS";"70102000";"Loja 1 (Loja)";"Loja 3 (CD)";1,00;59,00;59,00;3,00;2,00;-1,00;0,00
"31391";"JD-09 FITA ADESIVA DE PLASTICOS DE DIVERSAS CORES";"39199090";"Loja 1 (Loja)";"Loja 3 (CD)";95,00;2,00;190,00;226,00;131,00;-95,00;0,00
"31396";"LWJ-165A MALETA CONJUNTO FERRAMENTAS";"82060000";"Loja 1 (Loja)";"Loja 3 (CD)";1,00;61,20;61,20;1,00;0,00;-40,00;-39,00
"31401";"OIP-0501 BRINQUEDOS PET MORDEDOR";"95069900";"Loja 1 (Loja)";"Loja 3 (CD)";9,00;14,55;130,95;79,00;70,00;-9,00;0,00
"31402";"OIA-8250 FITA ADESIVA";"39191090";"Loja 1 (Loja)";"Loja 3 (CD)";36,00;1,02;36,72;150,00;114,00;-36,00;0,00
"31403";"LWJ-1953 KIT DE BROCAS ESCALONADAS EM ACO ACONDICIONADAS EM ESTOJO ORGANIZADOR";"82075090";"Loja 1 (Loja)";"Loja 3 (CD)";40,00;24,30;972,00;40,00;0,00;-40,00;0,00
"31456";"BC-5554 CARTEIRA UNISSEX";"42023200";"Loja 3 (CD)";"Loja 1 (Loja)";6,00;5,52;33,12;30,00;24,00;-6,00;0,00
"31499";"TRC0533 ESTANTE MULTIUSO P/ BANHEI 505X30X134CM";"94037000";"Loja 1 (Loja)";"Loja 3 (CD)";16,00;11,04;176,64;57,00;41,00;-16,00;0,00
"31658";"OIH-2712 CONJUNTO DE COZINHA CONTEM: UM AMOLADOR UM RALADOR E UMA FACA";"82055100";"Loja 3 (CD)";"Loja 1 (Loja)";46,00;3,51;161,46;97,00;51,00;-46,00;0,00
"31659";"OIH-2928 VASSOURA";"96031000";"Loja 3 (CD)";"Loja 1 (Loja)";19,00;4,01;76,19;20,00;1,00;-19,00;0,00
"31660";"OIH-2929 RODO";"96039000";"Loja 3 (CD)";"Loja 1 (Loja)";20,00;3,11;62,20;20,00;0,00;-34,00;-14,00
"31661";"OIH-2934 ESCOVA MULTIFUNCIONAL";"96039000";"Loja 3 (CD)";"Loja 1 (Loja)";22,00;1,71;37,62;29,00;7,00;-22,00;0,00
"31663";"OIH-2936 ESCOVA DE FRUTAS";"96039000";"Loja 3 (CD)";"Loja 1 (Loja)";18,00;1,04;18,72;29,00;11,00;-18,00;0,00
"31726";"LJ2337 - PLACA EM MATERIAL PLÁSTICO AUTO ADESIVO";"39189000";"Loja 1 (Loja)";"Loja 3 (CD)";216,00;3,87;835,92;3.661,00;3.445,00;-216,00;0,00
"31914";"WG14985 BOWL CERAMICA BLISSFUL BIRTH ROSA 16CM";"69120000";"Loja 3 (CD)";"Loja 1 (Loja)";3,00;7,19;21,57;15,00;12,00;-3,00;0,00
"31923";"WG14998 BOWL CERAMICA BLISSFUL BIRTH AZUL ESCURO 21CM";"69120000";"Loja 3 (CD)";"Loja 1 (Loja)";3,00;7,86;23,58;12,00;9,00;-3,00;0,00
"31926";"WG15013 BOWL CERAMICA BLOOMING CINZA 15CM";"69120000";"Loja 3 (CD)";"Loja 1 (Loja)";7,00;5,19;36,33;18,00;11,00;-7,00;0,00
"31927";"WG15024 BOWL CERAMICA BLOOMING ROSA 15CM";"69120000";"Loja 3 (CD)";"Loja 1 (Loja)";3,00;5,19;15,57;18,00;15,00;-3,00;0,00
"31928";"WG15025 PRATO RASO CERAMICA MIRA BEGE 27CM";"69120000";"Loja 3 (CD)";"Loja 1 (Loja)";11,00;8,38;92,18;12,00;1,00;-11,00;0,00
"31929";"WG15027 PRATO RASO CERAMICA MIRA SALMAO 27CM";"69120000";"Loja 3 (CD)";"Loja 1 (Loja)";2,00;8,38;16,76;12,00;10,00;-2,00;0,00
"31930";"WG15028 PRATO SOBREMESA CERAMICA MIRA BEGE 20CM";"69120000";"Loja 3 (CD)";"Loja 1 (Loja)";2,00;4,24;8,48;18,00;16,00;-2,00;0,00
"31931";"WG15033 PRATO FUNDO CERAMICA BLOOMING CINZA 20CM";"69120000";"Loja 3 (CD)";"Loja 1 (Loja)";1,00;5,08;5,08;18,00;17,00;-1,00;0,00
"31933";"WG15038 BOWL CERAMICA MIRA BEGE 145CM";"69120000";"Loja 3 (CD)";"Loja 1 (Loja)";7,00;5,40;37,80;18,00;11,00;-7,00;0,00
"31935";"WG15040 BOWL CERAMICA MIRA SALMAO 145CM";"69120000";"Loja 3 (CD)";"Loja 1 (Loja)";4,00;5,40;21,60;18,00;14,00;-4,00;0,00
"31937";"WG15042 BOWL CERAMICA MIRA SALMAO 19CM";"69120000";"Loja 3 (CD)";"Loja 1 (Loja)";7,00;5,54;38,78;18,00;11,00;-7,00;0,00
"31938";"WG15047 BOWL CERAMICA MIRA BEGE 19CM";"69120000";"Loja 3 (CD)";"Loja 1 (Loja)";10,00;5,54;55,40;18,00;8,00;-10,00;0,00
"31939";"WG15053 PRATO FUNDO CERAMICA BLOOMING ROSA 20CM";"69120000";"Loja 3 (CD)";"Loja 1 (Loja)";7,00;5,08;35,56;18,00;11,00;-7,00;0,00
"31942";"WG15172 PRATO SOBREMESA CERAMICA ARISO BRANCO 195CM";"69120000";"Loja 3 (CD)";"Loja 1 (Loja)";4,00;4,48;17,92;24,00;20,00;-4,00;0,00
"31992";"GX10-3023 MOCHILA";"42022220";"Loja 1 (Loja)";"Loja 3 (CD)";10,00;5,00;50,00;10,00;0,00;-27,00;-17,00
"32017";"19902/L9902 CHINELO NUVEM EVA - ACOMPANHA ADEREÇO";"64029990";"Loja 3 (CD)";"Loja 1 (Loja)";41,00;81,73;3.350,93;42,00;1,00;-41,00;0,00
"32019";"W23107 CAIXA CHINELO NUVEM EVA- FEM";"64029990";"Loja 1 (Loja)";"Loja 3 (CD)";22,00;20,00;440,00;37,00;15,00;-22,00;0,00
"32023";"DM-032-CALCULADORA";"84701000";"Loja 1 (Loja)";"Loja 3 (CD)";30,00;1,00;30,00;90,00;60,00;-30,00;0,00
"32029";"BOM-1488 CHAVE DE BIELA L 15MM";"82041200";"Loja 1 (Loja)";"Loja 3 (CD)";25,00;1,00;25,00;75,00;50,00;-25,00;0,00
"32030";"BOM-1489 CHAVE DE BIELA L 17MM";"82041200";"Loja 1 (Loja)";"Loja 3 (CD)";25,00;1,00;25,00;75,00;50,00;-25,00;0,00
"32032";"CPN-303 - CAMPAINHA SEM FIO COM PILHA INCLUSA";"85318000";"Loja 1 (Loja)";"Loja 3 (CD)";70,00;1,00;70,00;190,00;120,00;-70,00;0,00
"32034";"NSP-1084 SUPORTE MAGNETICO DE PESCOCO";"39269090";"Loja 1 (Loja)";"Loja 3 (CD)";30,00;1,00;30,00;129,00;99,00;-30,00;0,00
"32035";"NTD-156-LUMINARIA DE EMERGENCIA DE LED RECARREGAVEL";"94051190";"Loja 1 (Loja)";"Loja 3 (CD)";40,00;1,00;40,00;118,00;78,00;-40,00;0,00
"32036";"1201C BRINQUEDOS PARA ATIVIDADES CRIATIVAS";"95030099";"Loja 1 (Loja)";"Loja 3 (CD)";50,00;1,00;50,00;150,00;100,00;-50,00;0,00
"32038";"NTD-704-FITA DE LED";"94054200";"Loja 1 (Loja)";"Loja 3 (CD)";20,00;4,65;93,00;80,00;60,00;-20,00;0,00
"32040";"LUM-491-LUMINARIA DE LED DE PAREDE";"94051190";"Loja 1 (Loja)";"Loja 3 (CD)";50,00;2,85;142,50;100,00;50,00;-50,00;0,00
"32041";"NEW-215 - MODELADOR CORPORAL FEMININO EM POLIESTER E ELASTANO";"62123000";"Loja 1 (Loja)";"Loja 3 (CD)";30,00;6,30;189,00;69,00;39,00;-30,00;0,00
"32043";"8501C LOUSA DIGITAL TABLET MAGICO 8.5";"85121000";"Loja 1 (Loja)";"Loja 3 (CD)";30,00;1,00;30,00;230,00;200,00;-30,00;0,00
"32048";"DS14912 TORRE DE CHOP";"39241000";"Loja 1 (Loja)";"Loja 3 (CD)";16,00;1,00;16,00;32,00;16,00;-16,00;0,00
"32049";"DS14917 WALKIE TALKIE ILFANTIL";"85171439";"Loja 1 (Loja)";"Loja 3 (CD)";33,00;1,00;33,00;79,00;46,00;-33,00;0,00
"32050";"DS14918 ACESS FITNESS";"95069100";"Loja 1 (Loja)";"Loja 3 (CD)";20,00;1,00;20,00;70,00;50,00;-20,00;0,00
"32053";"LK-062  - APARELHO DE SINALIZACAO VISUAL PARA BICICLETA";"85121000";"Loja 1 (Loja)";"Loja 3 (CD)";160,00;1,00;160,00;237,00;77,00;-160,00;0,00
"32054";"LWJ-121A - ALICATE MANUAL DE CORTE DIAGONAL COM CABO EMBORRACHADO";"82032010";"Loja 1 (Loja)";"Loja 3 (CD)";10,00;2,17;21,70;108,00;98,00;-10,00;0,00
"32057";"LWJ-300 - KIT DE FERRAMENTAS 6 EM 1 PARAFUSADEIRA DE IMPACTO PARAFUSADEIRA L";"84672999";"Loja 1 (Loja)";"Loja 3 (CD)";2,00;1,00;2,00;4,00;2,00;-2,00;0,00
"32059";"LWJ-270 - FURADEIRA/PARAFUSADEIRA PORTATILC/BATERIA RECARREGAVEL DE 21V E 20AH";"84672100";"Loja 1 (Loja)";"Loja 3 (CD)";10,00;42,22;422,20;15,00;5,00;-10,00;0,00
"32060";"LWJ-1988 - ADAPTADOR ANGULAR PARA PARAFUSADEIRA";"84671190";"Loja 1 (Loja)";"Loja 3 (CD)";25,00;2,26;56,50;108,00;83,00;-25,00;0,00
"32063";"LE-240FV CARREGADOR DE VIAGEM";"85044010";"Loja 1 (Loja)";"Loja 3 (CD)";30,00;1,44;43,20;197,00;167,00;-30,00;0,00
"32066";"BOM-8920 COMPRESSOR DE AR PORTATIL 12V";"84148019";"Loja 1 (Loja)";"Loja 3 (CD)";24,00;1,00;24,00;29,00;5,00;-24,00;0,00
"32067";"C60511 - ADEVISO INTERATIVO";"48202000";"Loja 1 (Loja)";"Loja 3 (CD)";250,00;1,00;250,00;423,00;173,00;-250,00;0,00
"32070";"BOM-2111 CHUVEIRO DE PAREDE QUADRADO EM ACO INOX";"73249000";"Loja 1 (Loja)";"Loja 3 (CD)";40,00;2,40;96,00;80,00;40,00;-40,00;0,00
"32072";"BOM-2112 DUCHA MANUAL MATERIAL PLASTICO";"39249000";"Loja 1 (Loja)";"Loja 3 (CD)";44,00;2,54;111,76;44,00;0,00;-44,00;0,00
"32074";"BOM-2170 SP DUCHA HIGIENICA (BIDE) DE ACO INOX BOM-2170 SP";"84818019";"Loja 1 (Loja)";"Loja 3 (CD)";1,00;2,09;2,09;26,00;25,00;-1,00;0,00
"32075";"BOM-2362 RALO DE PISO MATERIAL ACO INOXIDAVEL 15*15";"73249000";"Loja 1 (Loja)";"Loja 3 (CD)";25,00;1,00;25,00;42,00;17,00;-25,00;0,00
"32077";"BOM-7516 ELASTICO DE FIXACAO MULTIUSO PARA CAPACETE E BAGAGEM 60CM";"56041000";"Loja 1 (Loja)";"Loja 3 (CD)";171,00;1,00;171,00;199,00;28,00;-171,00;0,00
"32078";"LE-6621 CABO HDMI 4K -1.5M";"85444200";"Loja 1 (Loja)";"Loja 3 (CD)";69,00;3,14;216,66;111,00;42,00;-69,00;0,00
"32082";"LE-0182 CARREGADOR BIVOLT:";"85044010";"Loja 1 (Loja)";"Loja 3 (CD)";20,00;1,00;20,00;43,00;23,00;-20,00;0,00
"32090";"0001 CAMISETA BRASIL";"94055000";"Loja 1 (Loja)";"Loja 3 (CD)";138,00;1,00;138,00;263,00;125,00;-138,00;0,00
"32091";"0110 BUCKET B RASIL";"94055000";"Loja 1 (Loja)";"Loja 3 (CD)";192,00;1,00;192,00;362,00;170,00;-192,00;0,00
"32092";"AC4510 TELA CANVAS 40X50CM - (MULHERES)";"44141000";"Loja 1 (Loja)";"Loja 3 (CD)";16,00;1,00;16,00;31,00;15,00;-16,00;0,00
"32099";"AC4504 - CONJUNTO DE 3 TELAS CANVAS 40X50CM";"44141000";"Loja 1 (Loja)";"Loja 3 (CD)";5,00;1,00;5,00;11,00;6,00;-5,00;0,00
"32100";"GDR1257 CARRINHO DE PLASTICO COM";"95030099";"Loja 1 (Loja)";"Loja 3 (CD)";40,00;2,30;92,00;103,00;63,00;-40,00;0,00
"32102";"GDR1621 CARRINHO D CONTROLE REMOT";"95030097";"Loja 1 (Loja)";"Loja 3 (CD)";10,00;6,37;63,70;10,00;0,00;-10,00;0,00
"32103";"GDR1624 CAMINHAO D PLASTICO C FRI";"95030099";"Loja 1 (Loja)";"Loja 3 (CD)";13,00;2,85;37,05;63,00;50,00;-13,00;0,00
"32104";"GDR1657 PISTA C CARRINHO E DUAS C";"95030097";"Loja 1 (Loja)";"Loja 3 (CD)";8,00;16,56;132,48;8,00;0,00;-8,00;0,00
"32105";"GDR1658 PISTA ASTRONAUTA C CARRO";"95030097";"Loja 1 (Loja)";"Loja 3 (CD)";12,00;1,00;12,00;24,00;12,00;-12,00;0,00
"32106";"GDR1664 CARRINHO D PLASTICO COM F";"95030099";"Loja 1 (Loja)";"Loja 3 (CD)";22,00;3,31;72,82;46,00;24,00;-22,00;0,00
"32107";"GDR1669 LANCADOR COM DARDOS 18X16";"95030099";"Loja 1 (Loja)";"Loja 3 (CD)";15,00;3,88;58,20;80,00;65,00;-15,00;0,00
"32109";"GDR1701 CARRINHO C FRICCAO ASTRON";"95030099";"Loja 1 (Loja)";"Loja 3 (CD)";16,00;2,55;40,80;48,00;32,00;-16,00;0,00
"32110";"GDR1706 KIT 2 CARRINHO FRICCAO SO";"95030099";"Loja 1 (Loja)";"Loja 3 (CD)";9,00;12,10;108,90;10,00;1,00;-9,00;0,00
"32111";"GDR1720 CARRO CORRIDA D CONTROLE";"95030097";"Loja 1 (Loja)";"Loja 3 (CD)";6,00;16,20;97,20;12,00;6,00;-6,00;0,00
"32112";"GDR1724 PIANO MUSICAL 24X10CM";"95030091";"Loja 1 (Loja)";"Loja 3 (CD)";48,00;1,00;48,00;48,00;0,00;-48,00;0,00
"32113";"GDR1738 KIT BONECA C BALANCO COLE";"95030022";"Loja 1 (Loja)";"Loja 3 (CD)";18,00;4,45;80,10;18,00;0,00;-18,00;0,00
"32114";"GDR1739 KIT BONECA C MOTO E BALAO";"95030022";"Loja 1 (Loja)";"Loja 3 (CD)";18,00;1,00;18,00;49,00;31,00;-18,00;0,00
"32115";"GDR1741 LANCADOR COM PISTA E CARR";"95030099";"Loja 1 (Loja)";"Loja 3 (CD)";12,00;1,00;12,00;31,00;19,00;-12,00;0,00
"32116";"GDR1755 LANCADOR COM ALVO ARANHA";"95030099";"Loja 1 (Loja)";"Loja 3 (CD)";16,00;9,13;146,08;18,00;2,00;-16,00;0,00
"32117";"GDR1814 CRIADOR DE BRACELETES 13X";"95030080";"Loja 1 (Loja)";"Loja 3 (CD)";24,00;1,00;24,00;135,00;111,00;-24,00;0,00
"32118";"GDR1817 CRIADOR DE BRACELETES 13X";"95030080";"Loja 1 (Loja)";"Loja 3 (CD)";24,00;1,00;24,00;131,00;107,00;-24,00;0,00
"32121";"GDR1891 MAQUINA REALISTA DE CONST";"95030099";"Loja 1 (Loja)";"Loja 3 (CD)";48,00;1,00;48,00;113,00;65,00;-48,00;0,00
"32123";"GDR1958 BRINQUEDO DE MONTAR";"95030060";"Loja 1 (Loja)";"Loja 3 (CD)";4,00;17,82;71,28;10,00;6,00;-4,00;0,00
"32124";"GDR1963 BRINQUEDO DE MONTAR";"95030060";"Loja 1 (Loja)";"Loja 3 (CD)";5,00;17,78;88,90;10,00;5,00;-5,00;0,00
"32125";"GDR1973 BRINQUEDO DE MONTAR";"95030060";"Loja 1 (Loja)";"Loja 3 (CD)";10,00;15,15;151,50;13,00;3,00;-10,00;0,00
"32126";"GDR1982 KIT MEU PRIMEIRO CONSULTO";"95030080";"Loja 1 (Loja)";"Loja 3 (CD)";12,00;1,00;12,00;29,00;17,00;-12,00;0,00
"32127";"GDR1984 PISTA 3 ANDAR BOMBEIRO";"95030099";"Loja 1 (Loja)";"Loja 3 (CD)";8,00;19,71;157,68;12,00;4,00;-8,00;0,00
"32128";"GDR1994 KIT ARCO E FLECHA 3 CORES";"95030099";"Loja 1 (Loja)";"Loja 3 (CD)";8,00;25,51;204,08;9,00;1,00;-8,00;0,00
"32129";"GDR2000 CAMINHAO QUE VIRA PISTA";"95030099";"Loja 1 (Loja)";"Loja 3 (CD)";10,00;12,98;129,80;14,00;4,00;-10,00;0,00
"32130";"GDR2013 BRINQUEDO MENINA";"95030080";"Loja 1 (Loja)";"Loja 3 (CD)";10,00;14,02;140,20;13,00;3,00;-10,00;0,00
"32131";"GDR2014 BRINQUEDO MENINA";"95030080";"Loja 1 (Loja)";"Loja 3 (CD)";12,00;11,41;136,92;13,00;1,00;-12,00;0,00
"32133";"GDR2016 CASINHA DE BONECA";"95030080";"Loja 1 (Loja)";"Loja 3 (CD)";12,00;1,00;12,00;31,00;19,00;-12,00;0,00
"32134";"GDR2017 DINOSSAURO MORDE DEDO";"95030099";"Loja 1 (Loja)";"Loja 3 (CD)";12,00;1,00;12,00;77,00;65,00;-12,00;0,00
"32135";"GDR2050 BRINQUEDO PISTA";"95030099";"Loja 1 (Loja)";"Loja 3 (CD)";24,00;5,52;132,48;32,00;8,00;-24,00;0,00
"32136";"GDR2051 CASTELOS E CASINHAS DE BO";"95030080";"Loja 1 (Loja)";"Loja 3 (CD)";12,00;1,00;12,00;26,00;14,00;-12,00;0,00
"32137";"GDR2064 PISTA ESPACO ELETRICA";"95030097";"Loja 1 (Loja)";"Loja 3 (CD)";18,00;6,72;120,96;29,00;11,00;-18,00;0,00
"32139";"GDR2086 SQUISHY BALL";"95030099";"Loja 1 (Loja)";"Loja 3 (CD)";32,00;1,00;32,00;333,00;301,00;-32,00;0,00
"32140";"GX10-25911 - NECESSAIRE M   FEMININA EM PVC";"42029200";"Loja 1 (Loja)";"Loja 3 (CD)";107,00;1,00;107,00;122,00;15,00;-107,00;0,00
"32141";"GX10-25911 - NECESSAIRE P   FEMININA EM PVC";"42029200";"Loja 1 (Loja)";"Loja 3 (CD)";123,00;1,00;123,00;136,00;13,00;-123,00;0,00
"32145";"AC4508 - CONJUNTO DE 3 TELAS CANVAS 40X50CM";"44141000";"Loja 1 (Loja)";"Loja 3 (CD)";5,00;1,00;5,00;12,00;7,00;-5,00;0,00
"32152";"S-18965/S-18982 VISEIRA";"65040090";"Loja 1 (Loja)";"Loja 3 (CD)";32,00;1,00;32,00;228,00;196,00;-32,00;0,00
"32175";"BT-522 CONJUNTO DE CHAVES ALLEN 9 PECAS";"82055900";"Loja 1 (Loja)";"Loja 3 (CD)";40,00;1,00;40,00;44,00;4,00;-40,00;0,00
"32177";"BM-F1686 CABIDEIRO DE PAREDE COM 7 GANCHOS";"73239300";"Loja 1 (Loja)";"Loja 3 (CD)";9,00;2,23;20,07;87,00;78,00;-9,00;0,00
"32179";"BM-F1563  PORTA TEMPEROS KIT  24*10*8.5CM";"39241000";"Loja 1 (Loja)";"Loja 3 (CD)";40,00;1,00;40,00;43,00;3,00;-40,00;0,00
"32180";"BM-F1362 ROLO ADESIVO LAVAVEL PARA REMOVER PELOS TAMANHO : 17X10X5.7CM";"39269090";"Loja 1 (Loja)";"Loja 3 (CD)";25,00;1,00;25,00;56,00;31,00;-25,00;0,00
"32183";"BM-F1676 TIMER/TEMPORIZADOR MECANICO DE COZINHA - 35*73MM";"73239900";"Loja 1 (Loja)";"Loja 3 (CD)";113,00;1,00;113,00;177,00;64,00;-113,00;0,00
"32184";"BM-F1823A TABUA DE CORTE PARA USO DOMESTICO  34*23*15CM";"73239300";"Loja 1 (Loja)";"Loja 3 (CD)";15,00;6,02;90,30;67,00;52,00;-15,00;0,00
"32192";"LK-3190 - LUMINARIA SOLAR DE JARDIM COM LED DESIGN TIPO LANTERNA";"94051990";"Loja 1 (Loja)";"Loja 3 (CD)";18,00;1,40;25,20;223,00;205,00;-18,00;0,00
"32193";"LMF-1134 APARELHO DE LIXAR UNHA ELETRICA PORTATIL COM FUNC EXLUSIVO A PILHA";"85098090";"Loja 1 (Loja)";"Loja 3 (CD)";60,00;1,00;60,00;133,00;73,00;-60,00;0,00
"32194";"LWJ-196 - CONJUNTO COMPLETO C/24 PECAS DE BROCAS E BITS PARA PERFURACAO E APERTO";"82075019";"Loja 1 (Loja)";"Loja 3 (CD)";60,00;1,00;60,00;101,00;41,00;-60,00;0,00
"32195";"LWJ-2257 - COLETE DE SEGURANCA REFLETIVO DIVERSAS CORES UNISSEX";"61149090";"Loja 1 (Loja)";"Loja 3 (CD)";80,00;1,00;80,00;178,00;98,00;-80,00;0,00
"32222";"MDC-111 CARRINHO DE MAO MULTIFUNCIONAL DOBRAVEL COM TETO E BANC";"87168000";"Loja 1 (Loja)";"Loja 3 (CD)";1,00;133,20;133,20;26,00;25,00;-1,00;0,00
"32223";"ON-MC835 MICROFONE DE LAPELA - TENSAO DE OPERACAO: 37VDC / 15MA / 5VDC  TTD";"85181090";"Loja 3 (CD)";"Loja 1 (Loja)";1,00;3,12;3,12;50,00;49,00;-1,00;0,00
"32265";"PA-001 SPRAY DE ÓLEO DE COZINHA 200ML";"70134900";"Loja 1 (Loja)";"Loja 3 (CD)";17,00;1,00;17,00;78,00;61,00;-17,00;0,00
"32266";"2505 RODO PARA PIAES";"96039000";"Loja 1 (Loja)";"Loja 3 (CD)";72,00;1,00;72,00;210,00;138,00;-72,00;0,00
"32267";"ER-8423 CONJUNTO ROLO ADESIVO";"39249000";"Loja 1 (Loja)";"Loja 3 (CD)";12,00;0,85;10,20;12,00;0,00;-12,00;0,00
"32269";"PL-014 PANO DE PRATO XADREZ";"63071000";"Loja 1 (Loja)";"Loja 3 (CD)";85,00;1,00;85,00;271,00;186,00;-85,00;0,00
"32270";"PL-015 ESPONJA MÁGICA PL-015";"63071000";"Loja 1 (Loja)";"Loja 3 (CD)";178,00;1,00;178,00;440,00;262,00;-178,00;0,00
"32271";"BBA-022 ESPONJA DE BANHO";"39249000";"Loja 1 (Loja)";"Loja 3 (CD)";12,00;1,00;12,00;111,00;99,00;-12,00;0,00
"32272";"BBA-023 ESPONJA PARA BANHO";"39249000";"Loja 1 (Loja)";"Loja 3 (CD)";60,00;1,00;60,00;151,00;91,00;-60,00;0,00
"32273";"BBA-024 ESPONJA PARA BANHO";"39249000";"Loja 1 (Loja)";"Loja 3 (CD)";24,00;1,00;24,00;124,00;100,00;-24,00;0,00
"32274";"BBA-025 ESPONJA DE BANHO CÉU ESTRELADO";"39249000";"Loja 1 (Loja)";"Loja 3 (CD)";12,00;1,00;12,00;111,00;99,00;-12,00;0,00
"32277";"BP-2356 BRINQUEDO PELÚCIA ESTRELA C/ A";"63079090";"Loja 1 (Loja)";"Loja 3 (CD)";24,00;1,00;24,00;311,00;287,00;-24,00;0,00
"32278";"BP-2362 PELÚCIA BANANA C/ APITO PET";"63079090";"Loja 1 (Loja)";"Loja 3 (CD)";24,00;1,00;24,00;246,00;222,00;-24,00;0,00
"32281";"ES-2510 RODO PARA PIA BAMBU ES-2510";"96039000";"Loja 1 (Loja)";"Loja 3 (CD)";48,00;1,00;48,00;153,00;105,00;-48,00;0,00
"32283";"PETSHP-003  KIT REFIL 3 SAQUINHOS HIGIÊNIC";"39232190";"Loja 1 (Loja)";"Loja 3 (CD)";189,00;1,00;189,00;318,00;129,00;-189,00;0,00
"32284";"BP-2340 BRINQUEDO PELÚCIA POLVO C/ API";"63079090";"Loja 1 (Loja)";"Loja 3 (CD)";40,00;1,00;40,00;241,00;201,00;-40,00;0,00
"32285";"PL005 KIT PANO DE CHÃO 2PCS PL005";"63071000";"Loja 1 (Loja)";"Loja 3 (CD)";32,00;1,00;32,00;129,00;97,00;-32,00;0,00
"32286";"PL006 KIT TAPETE DE LOUÇA E FLANELA";"63071000";"Loja 1 (Loja)";"Loja 3 (CD)";36,00;1,00;36,00;56,00;20,00;-36,00;0,00
"32288";"URSOXB-1202 HASHIS DE TREINAMENTO URSOXB-1";"39241000";"Loja 1 (Loja)";"Loja 3 (CD)";10,00;1,00;10,00;31,00;21,00;-10,00;0,00
"32293";"CP-101 PRENDEDOR DE PAPEL 19MM 9UN CP";"83059000";"Loja 1 (Loja)";"Loja 3 (CD)";24,00;1,00;24,00;385,00;361,00;-24,00;0,00
"32294";"CP-102 PRENDEDOR DE PAPEL 25MM 5UN CP";"83059000";"Loja 1 (Loja)";"Loja 3 (CD)";24,00;1,00;24,00;381,00;357,00;-24,00;0,00
"32295";"CP-103 PRENDEDOR BINDER 10UN CP-103";"83059000";"Loja 1 (Loja)";"Loja 3 (CD)";24,00;1,00;24,00;395,00;371,00;-24,00;0,00
"32296";"CP-104 CLIPS DE PAPEL 28MM 80UN CP-10";"83059000";"Loja 1 (Loja)";"Loja 3 (CD)";108,00;1,00;108,00;450,00;342,00;-108,00;0,00
"32298";"CP-106 CLIPS DE PAPEL MIX 28MM 80UN C";"83059000";"Loja 1 (Loja)";"Loja 3 (CD)";24,00;1,00;24,00;382,00;358,00;-24,00;0,00
"32299";"CP-107 ALFINETE PINO DE MARCAÇÃO 45UN";"83059000";"Loja 1 (Loja)";"Loja 3 (CD)";48,00;1,00;48,00;419,00;371,00;-48,00;0,00
"32300";"CP-108 ETIQUETA DE IDENTIFICAÇÃO 6UN";"39269090";"Loja 1 (Loja)";"Loja 3 (CD)";84,00;1,00;84,00;442,00;358,00;-84,00;0,00
"32301";"CP-109 ÍMÃ MAGNÉTICO 6UN";"85051100";"Loja 1 (Loja)";"Loja 3 (CD)";24,00;1,00;24,00;397,00;373,00;-24,00;0,00
"32303";"TL-010 TOALHA CACHORRO CEREJA TL-010";"63029300";"Loja 1 (Loja)";"Loja 3 (CD)";48,00;1,00;48,00;276,00;228,00;-48,00;0,00
"32323";"6335 DIFUSOR TROPICAL 250 ML - MELANCIA";"33029019";"Loja 1 (Loja)";"Loja 3 (CD)";11,00;71,82;790,02;29,00;18,00;-11,00;0,00
"32334";"5934666 AGUA DE PASSAR 500 ML - SOFT";"33029019";"Loja 1 (Loja)";"Loja 3 (CD)";15,00;117,71;1.765,65;46,00;31,00;-15,00;0,00
"32340";"6047 DIFUSOR TROPICAL 250 ML - FLOR DE CEREJEIRA";"33029019";"Loja 1 (Loja)";"Loja 3 (CD)";38,00;71,82;2.729,16;52,00;14,00;-38,00;0,00
"32341";"6048 DIFUSOR TROPICAL 250 ML - FLOR DE LARANJEIRA";"33029019";"Loja 1 (Loja)";"Loja 3 (CD)";12,00;5,98;71,76;69,00;57,00;-12,00;0,00
"32343";"6053 DIFUSOR TROPICAL 250 ML - VANILLA";"33029019";"Loja 1 (Loja)";"Loja 3 (CD)";5,00;5,98;29,90;71,00;66,00;-5,00;0,00
"32344";"6056 DIFUSOR TROPICAL 250 ML - FLOR DE JACARANDA";"33029019";"Loja 3 (CD)";"Loja 1 (Loja)";3,00;5,98;17,94;35,00;32,00;-3,00;0,00
"32345";"6104 DIFUSOR TROPICAL 250 ML - ADVENTURE";"33029019";"Loja 1 (Loja)";"Loja 3 (CD)";6,00;5,98;35,88;53,00;47,00;-6,00;0,00
"32418";"IP01075 TIGELA PARA CAES E GATOS EM PP 300ML117X8X115CM";"39269090";"Loja 1 (Loja)";"Loja 3 (CD)";96,00;4,92;472,32;147,00;51,00;-96,00;0,00
"32420";"JY30007 FLOR ARTIFICIAL DECORATIVA  10X45CM";"67021000";"Loja 1 (Loja)";"Loja 3 (CD)";1,00;1,33;1,33;123,00;122,00;-1,00;0,00
"32423";"JY30014 FLOR ARTIFICIAL TAMANHO: 17X40CM";"67021000";"Loja 1 (Loja)";"Loja 3 (CD)";20,00;3,12;62,40;124,00;104,00;-20,00;0,00
"32469";"CB001   BICOLOR BRANCO BEGE SOLTEIRO";"94044000";"Loja 1 (Loja)";"Loja 3 (CD)";2,00;0,00;0,00;2,00;0,00;-2,00;0,00
"32480";"CB003  BICOLOR VERDE CINZA QUEEN";"94044000";"Loja 1 (Loja)";"Loja 3 (CD)";1,00;0,00;0,00;1,00;0,00;-1,00;0,00
"32491";"PT12278 BANDEIRA BRASIL C/ HASTE 28CM";"95059000";"Loja 3 (CD)";"Loja 1 (Loja)";2,00;0,15;0,30;2,00;0,00;-1.057,00;-1.055,00
"32522";"Q460-2604 - SUTIAN  BOJO DE SILICONE";"39262000";"Loja 1 (Loja)";"Loja 3 (CD)";68,00;5,60;380,80;92,00;24,00;-68,00;0,00
"32523";"Q460-2605 - SUTIAN  BOJO DE SILICONE";"39262000";"Loja 1 (Loja)";"Loja 3 (CD)";20,00;5,60;112,00;25,00;5,00;-20,00;0,00
"32525";"ON-421 FONE DE OUVIDO (COM MICROFONE)";"85183000";"Loja 1 (Loja)";"Loja 3 (CD)";10,00;3,23;32,30;41,00;31,00;-10,00;0,00
"32587";"ON-LU253 LANTERNA SOLAR PORTATIL";"85131010";"Loja 1 (Loja)";"Loja 3 (CD)";10,00;15,50;155,00;14,00;4,00;-10,00;0,00
"32588";"ON-LU251 LUMINARIA DE LED";"94054200";"Loja 1 (Loja)";"Loja 3 (CD)";25,00;5,02;125,50;34,00;9,00;-25,00;0,00
"32589";"ON-LU272 LUMINARIA DE LED";"94054200";"Loja 1 (Loja)";"Loja 3 (CD)";5,00;35,09;175,45;14,00;9,00;-5,00;0,00
"32590";"ON-LU271 LUMINARIA SOLAR PARA ILUMINACAO PUBLICA";"94054100";"Loja 1 (Loja)";"Loja 3 (CD)";5,00;23,99;119,95;11,00;6,00;-5,00;0,00
"32594";"ON-FN639 FONE DE OUVIDO (HEADSET) GAMER COM MICROFONE";"85183000";"Loja 1 (Loja)";"Loja 3 (CD)";15,00;6,67;100,05;19,00;4,00;-15,00;0,00
"32627";"HB80342  BOLSA";"42022210";"Loja 3 (CD)";"Loja 1 (Loja)";6,00;6,00;36,00;12,00;6,00;-6,00;0,00
"32638";"HB80414  BOLSA";"42022210";"Loja 3 (CD)";"Loja 1 (Loja)";2,00;5,49;10,98;18,00;16,00;-2,00;0,00
"32639";"TR50310  BOLSA";"42022210";"Loja 3 (CD)";"Loja 1 (Loja)";6,00;5,00;30,00;18,00;12,00;-6,00;0,00
"32646";"ZP01289 - CARRO CONTROLE 3 FUNCOES";"95030097";"Loja 1 (Loja)";"Loja 3 (CD)";67,00;5,74;384,58;127,00;60,00;-67,00;0,00
"32647";"ZP01290 - CARRO CONTROLE 7 FUNCOES";"95030097";"Loja 1 (Loja)";"Loja 3 (CD)";36,00;7,69;276,84;95,00;59,00;-36,00;0,00
"32664";"C1193 BOLSA FEMININA";"42022220";"Loja 3 (CD)";"Loja 1 (Loja)";33,00;5,30;174,90;60,00;27,00;-33,00;0,00
"32672";"C1444 BOLSA FEMININA";"42022210";"Loja 3 (CD)";"Loja 1 (Loja)";1,00;5,80;5,80;63,00;62,00;-1,00;0,00
"32676";"C1473 BOLSA FEMININA";"42022210";"Loja 3 (CD)";"Loja 1 (Loja)";30,00;7,50;225,00;52,00;22,00;-30,00;0,00
"32677";"C1497 BOLSA FEMININA";"42022210";"Loja 3 (CD)";"Loja 1 (Loja)";84,00;4,50;378,00;84,00;0,00;-86,00;-2,00
"32677";"C1497 BOLSA FEMININA";"42022210";"Loja 2 (Depósito)";"Loja 1 (Loja)";2,00;4,50;9,00;86,00;84,00;-2,00;0,00
"32688";"PLACA PLÁSTICO ADESIVO PISO 914X152CM LJ2326";"39189000";"Loja 1 (Loja)";"Loja 3 (CD)";864,00;7,35;6.350,40;4.742,00;3.878,00;-864,00;0,00
"32689";"PLACA PLÁSTICO ADESIVO PISO 914X152CM LJ2327";"39189000";"Loja 1 (Loja)";"Loja 3 (CD)";1.188,00;7,07;8.399,16;5.004,00;3.816,00;-1.188,00;0,00
"32690";"PLACA PLÁSTICO ADESIVO PISO 914X152CM LJ2328";"39189000";"Loja 1 (Loja)";"Loja 3 (CD)";432,00;7,77;3.356,64;7.632,00;7.200,00;-432,00;0,00
"32695";"LEY-182 - MINI TECLADO WIFI 2.4G+BT";"84716052";"Loja 3 (CD)";"Loja 1 (Loja)";2,00;2,42;4,84;60,00;58,00;-2,00;0,00
"32713";"C829 BOLSA TRANSPARENTE PVC";"42022210";"Loja 2 (Depósito)";"Loja 3 (CD)";5,00;46,00;230,00;5,00;0,00;-20,00;-15,00
"32713";"C829 BOLSA TRANSPARENTE PVC";"42022210";"Loja 1 (Loja)";"Loja 3 (CD)";4,00;46,00;184,00;4,00;0,00;-15,00;-11,00
"32730";"SEC16EPT ESCORREDOR 16 PRATOS  EPOXI PRETO PT PP";"73239300";"Loja 1 (Loja)";"Loja 3 (CD)";8,00;19,75;158,00;16,00;8,00;-8,00;0,00
"32742";"BOM-7548 - CONJUNTO DE 02 PLACAS DE AVISO DE PROIBIDO";"39269090";"Loja 1 (Loja)";"Loja 3 (CD)";30,00;0,52;15,60;105,00;75,00;-30,00;0,00
"32743";"BOM-7557 - CONJUNTO DE 02 PLACAS DE AVISO ABERTO/FECHADO";"83100000";"Loja 1 (Loja)";"Loja 3 (CD)";30,00;0,73;21,90;91,00;61,00;-30,00;0,00
"32785";"7786 DISPENSER DE MASSA DE POLIMERO TERMOPLASTICO 7";"39241000";"Loja 3 (CD)";"Loja 1 (Loja)";8,00;14,95;119,60;24,00;16,00;-8,00;0,00
"32786";"112006 FRIGIDEIRA STONE INDUCTION BLACKWOOD 22 CM";"76151000";"Loja 1 (Loja)";"Loja 3 (CD)";12,00;16,72;200,64;24,00;12,00;-12,00;0,00
"32846";"6600 PANELA DE PRESSAO COR GRAFITE COM VISOR DE VIDRO FECHAMENTO EXTERNON.20 /";"76151000";"Loja 3 (CD)";"Loja 1 (Loja)";1,00;139,20;139,20;4,00;3,00;-1,00;0,00
"32854";"A08 - BOLSA FEMININA";"42022220";"Loja 3 (CD)";"Loja 1 (Loja)";1,00;13,50;13,50;23,00;22,00;-1,00;0,00
"32877";"FBA05008 -  CORNETA CILINDRO BRASIL";"95059000";"Loja 3 (CD)";"Loja 1 (Loja)";282,00;1,70;479,40;900,00;618,00;-282,00;0,00
"33032";"CX1371 FONTE DECORATIVA ESFERA 3 QUEDAS COM 4 LEDS 13X13";"39264000";"Loja 3 (CD)";"Loja 1 (Loja)";2,00;29,88;59,76;6,00;4,00;-2,00;0,00
"33145";"5209 - JOGO DE VINHO DE METAL 2PCS";"82055100";"Loja 3 (CD)";"Loja 1 (Loja)";1,00;4,85;4,85;72,00;71,00;-1,00;0,00
"33148";"5766 - MAO ARTICULADA DE MADEIRA 30CM";"44201900";"Loja 3 (CD)";"Loja 1 (Loja)";15,00;20,90;313,50;15,00;0,00;-18,00;-3,00
"33149";"4349 - BONECO ARTICULADO DE MADEIRA 30CM";"44201900";"Loja 3 (CD)";"Loja 1 (Loja)";6,00;8,46;50,76;50,00;44,00;-6,00;0,00
"33152";"DCMKFTPC 2501 - MICROFONE PORTATIL";"85183000";"Loja 3 (CD)";"Loja 1 (Loja)";28,00;8,00;224,00;80,00;52,00;-28,00;0,00
"33158";"XO-21336 - BOLSA GRANDE 3 DIVISORIAS";"42022210";"Loja 1 (Loja)";"Loja 3 (CD)";1,00;31,20;31,20;2,00;1,00;-1,00;0,00
"33163";"BOM-7411 - PROTETOR ABAFADOR DE RUIDOS TIPO CONCHA";"39269090";"Loja 3 (CD)";"Loja 1 (Loja)";25,00;2,75;68,75;25,00;0,00;-29,00;-4,00
"33172";"CRB-6377 G - BOLSINHA TRANSVERSAL";"42022210";"Loja 1 (Loja)";"Loja 3 (CD)";12,00;11,60;139,20;12,00;0,00;-12,00;0,00
"33174";"BOM-9749 - PARAFUSADEIRA MULTIFUNCIONAL 21V COM 4 CABECOTES INTERCAMBIAVEIS";"84672992";"Loja 3 (CD)";"Loja 1 (Loja)";3,00;39,25;117,75;3,00;0,00;-3,00;0,00
"33178";"YK1047 QUEBRA CABECA EM BLOCOS ANIMAIS DO SAFARI 9 BLOCOS 6 DESENHOS MONTESSORI";"95030099";"Loja 3 (CD)";"Loja 1 (Loja)";4,00;4,84;19,36;120,00;116,00;-4,00;0,00
"33179";"YK1049 JOGO DE ENCAIXE TRANSPORTES COM PINO MONTESSORI YINS KIDS";"95030099";"Loja 3 (CD)";"Loja 1 (Loja)";15,00;4,02;60,30;60,00;45,00;-15,00;0,00
"33180";"YK1081 BLOCO DE CONSTRUCAO C/ CAIXA DE MADEIRA MONTESSORI YINS KIDS";"95030099";"Loja 3 (CD)";"Loja 1 (Loja)";15,00;2,62;39,30;230,00;215,00;-15,00;0,00
"33185";"HE64126 COFRINHO DE METAL(FERRO)";"83062900";"Loja 3 (CD)";"Loja 1 (Loja)";5,00;3,33;16,65;96,00;91,00;-5,00;0,00
"33186";"HE64134 COFRINHO DE METAL(FERRO)";"83062900";"Loja 3 (CD)";"Loja 1 (Loja)";2,00;7,48;14,96;24,00;22,00;-2,00;0,00
"33187";"HE64112 COFRINHO DE METAL(FERRO)";"83062900";"Loja 3 (CD)";"Loja 1 (Loja)";2,00;7,48;14,96;36,00;34,00;-2,00;0,00
"33188";"HE64120 COFRINHO DE METAL(FERRO)";"83062900";"Loja 3 (CD)";"Loja 1 (Loja)";1,00;4,36;4,36;72,00;71,00;-1,00;0,00
"33190";"HB75312 SACOLA DE PRESENTE DE PAPEL";"48194000";"Loja 3 (CD)";"Loja 1 (Loja)";4,00;1,80;7,20;60,00;56,00;-4,00;0,00
"33198";"DMS5692 - OCULOS PARA NATACAO DIVERTIDO";"90049090";"Loja 1 (Loja)";"Loja 3 (CD)";2,00;6,89;13,78;38,00;36,00;-2,00;0,00
"33217";"DMR5819 AM - PATINETE RADICAL FROG NEW";"95030010";"Loja 3 (CD)";"Loja 1 (Loja)";1,00;90,56;90,56;4,00;3,00;-1,00;0,00
"33226";"SND-3101-3 BOLSA UNISSEX  SUPERFICIE EXTERIOR DE FOLHA DE PLASTICO PVC";"42022210";"Loja 3 (CD)";"Loja 1 (Loja)";6,00;2,39;14,34;60,00;54,00;-6,00;0,00
"33267";"W11PROMINI RELOGIO SMARTHWATCH";"91021220";"Loja 1 (Loja)";"Loja 3 (CD)";5,00;120,00;600,00;5,00;0,00;-5,00;0,00
"33268";"W11MINI RELOGIO SMARTHWATCH";"91021220";"Loja 1 (Loja)";"Loja 3 (CD)";7,00;100,00;700,00;8,00;1,00;-7,00;0,00
"33271";"W10 (ULTRA) RELOGIO SMARTHWATCH";"91021220";"Loja 3 (CD)";"Loja 1 (Loja)";3,00;64,00;192,00;10,00;7,00;-3,00;0,00
"33273";"W10PROMINI RELOGIO SMARTHWATCH";"91021220";"Loja 3 (CD)";"Loja 1 (Loja)";1,00;79,20;79,20;1,00;0,00;-1,00;0,00
"33301";"EASY RELOGIO SMARTHWATCH";"91021220";"Loja 1 (Loja)";"Loja 3 (CD)";1,00;90,00;90,00;1,00;0,00;-1,00;0,00
"33306";"ULTRA 4 MINI PRO RELOGIO SMARTHWATCH";"91021220";"Loja 3 (CD)";"Loja 1 (Loja)";1,00;122,00;122,00;5,00;4,00;-1,00;0,00
"33310";"ULTRA 5 PLUS RELOGIO SMARTHWATCH";"91021220";"Loja 1 (Loja)";"Loja 3 (CD)";10,00;125,00;1.250,00;10,00;0,00;-10,00;0,00
"33311";"W11G RELOGIO SMARTHWATCH";"91021220";"Loja 1 (Loja)";"Loja 3 (CD)";1,00;193,00;193,00;6,00;5,00;-1,00;0,00
"33312";"MZP-308 TRIPE/BASTAO DE SELFIE PARA CELULAR COM LUMINARIA LED";"96200000";"Loja 1 (Loja)";"Loja 3 (CD)";15,00;11,30;169,50;15,00;0,00;-15,00;0,00
"33316";"MTG-275 SUPORTE DE PLASTICO PARA CELULAR (UNIVERSAL)";"39269090";"Loja 1 (Loja)";"Loja 3 (CD)";11,00;1,47;16,17;11,00;0,00;-11,00;0,00
"33318";"MTG-281 SUPORTE DE PLASTICO PARA CELULAR (UNIVERSAL)";"39269090";"Loja 1 (Loja)";"Loja 3 (CD)";39,00;2,84;110,76;39,00;0,00;-40,00;-1,00
"33323";"CCT-698 EMPILHADEIRA CONT. REMOTO";"95030097";"Loja 3 (CD)";"Loja 1 (Loja)";1,00;42,87;42,87;3,00;2,00;-1,00;0,00
"33351";"DMG-634 FENIX MAGIC DISPLAY C/ 12 UNI.";"95030099";"Loja 1 (Loja)";"Loja 3 (CD)";22,00;59,57;1.310,54;22,00;0,00;-22,00;0,00
"33354";"DRF-638 RELÓGIO FASHION INFANTIL DP.C/12";"95030099";"Loja 3 (CD)";"Loja 1 (Loja)";1,00;135,37;135,37;1,00;0,00;-3,00;-2,00
"33355";"DPP-727 PEGA POLVO DISPLAY C/ 39 UNI.";"95030039";"Loja 1 (Loja)";"Loja 3 (CD)";38,00;87,11;3.310,18;38,00;0,00;-38,00;0,00
"33359";"PPA-499T POW POW TUBARAO";"95030039";"Loja 3 (CD)";"Loja 1 (Loja)";1,00;15,79;15,79;6,00;5,00;-1,00;0,00
"33360";"PPA-499T POW POW TUBARAO";"95030039";"Loja 3 (CD)";"Loja 1 (Loja)";1,00;15,79;15,79;6,00;5,00;-1,00;0,00
"33364";"DJA-963 JURASSIC ATTACK DISPLAY C/ 6";"95030039";"Loja 1 (Loja)";"Loja 3 (CD)";20,00;37,90;758,00;20,00;0,00;-20,00;0,00
"33365";"DDS-285 DINO SURPRESA DISPLAY C/9 UNI.";"95030039";"Loja 1 (Loja)";"Loja 3 (CD)";24,00;56,86;1.364,64;24,00;0,00;-24,00;0,00
"33366";"DPM-981 PEGA MAO DISPLAY C/ 24 UNI";"95030099";"Loja 1 (Loja)";"Loja 3 (CD)";23,00;53,61;1.233,03;23,00;0,00;-23,00;0,00
"33367";"DFD-520 FASHION DOLL DISPLAY C/12 UNI.";"95030022";"Loja 1 (Loja)";"Loja 3 (CD)";22,00;75,81;1.667,82;22,00;0,00;-22,00;0,00
"33427";"MLB-013 MEGAFONE PORTATIL COM BATERIA RECARREGAVEL VIA USB";"85185000";"Loja 1 (Loja)";"Loja 3 (CD)";31,00;6,15;190,65;31,00;0,00;-32,00;-1,00
"33432";"SOM-528 CAIXINHA DE SOM BLUETOOTH";"85271300";"Loja 1 (Loja)";"Loja 3 (CD)";35,00;3,00;105,00;60,00;25,00;-35,00;0,00
"33436";"W-002 KIT PARAFUSO COM BUCHA";"82060000";"Loja 3 (CD)";"Loja 1 (Loja)";10,00;0,51;5,10;120,00;110,00;-10,00;0,00
"33446";"DT9036 POTE HERMETICO DE VIDRO COM TAMPA E COLHER DE M";"70134900";"Loja 3 (CD)";"Loja 1 (Loja)";2,00;10,96;21,92;24,00;22,00;-2,00;0,00
"33447";"DT9027 POTE HERMETICO DE VIDRO COM TAMPA E COLHER DE M";"70134900";"Loja 3 (CD)";"Loja 1 (Loja)";3,00;10,43;31,29;30,00;27,00;-3,00;0,00
"33449";"DT9024 POTE HERMETICO DE VIDRO COM TAMPA DE MADEIRA 75";"70134900";"Loja 3 (CD)";"Loja 1 (Loja)";8,00;7,41;59,28;24,00;16,00;-8,00;0,00
"33451";"DT9200 TIGELA COM TAMPA DE VIDRO 15L";"70134900";"Loja 3 (CD)";"Loja 1 (Loja)";2,00;11,94;23,88;2,00;0,00;-5,00;-3,00
"33452";"DT9201 TIGELA COM TAMPA DE VIDRO 15L";"70134900";"Loja 3 (CD)";"Loja 1 (Loja)";2,00;11,94;23,88;2,00;0,00;-5,00;-3,00
"33454";"BRHS14593 APARELHO DE JANTAR OPALINA DE VIDRO";"70134290";"Loja 3 (CD)";"Loja 1 (Loja)";1,00;66,20;66,20;1,00;0,00;-1,00;0,00
"33469";"DT8401 CANECA DE VIDRO COM COLHER DE METAL E TAMPA DE";"70133700";"Loja 3 (CD)";"Loja 1 (Loja)";8,00;5,25;42,00;40,00;32,00;-8,00;0,00
"33472";"DC-01062 BOLSA";"42022210";"Loja 3 (CD)";"Loja 1 (Loja)";12,00;15,01;180,12;20,00;8,00;-12,00;0,00
"33473";"DC-01066 BOLSA";"42022210";"Loja 3 (CD)";"Loja 1 (Loja)";7,00;12,64;88,48;12,00;5,00;-7,00;0,00
"33474";"DC-01065 BOLSA";"42022210";"Loja 3 (CD)";"Loja 1 (Loja)";8,00;12,64;101,12;10,00;2,00;-8,00;0,00
"33477";"DC-00904 BOLSA";"42022210";"Loja 1 (Loja)";"Loja 3 (CD)";7,00;46,00;322,00;13,00;6,00;-7,00;0,00
"33478";"DC-01072 BOLSA";"42022210";"Loja 1 (Loja)";"Loja 3 (CD)";7,00;50,00;350,00;12,00;5,00;-7,00;0,00
"33479";"DC-01202 BOLSA";"42022210";"Loja 1 (Loja)";"Loja 3 (CD)";10,00;46,00;460,00;15,00;5,00;-10,00;0,00
"33480";"DC-01203 BOLSA";"42022210";"Loja 1 (Loja)";"Loja 3 (CD)";9,00;46,00;414,00;9,00;0,00;-9,00;0,00
"33489";"CA16257 CASTICALMATERIAL: VIDRO SODO-CALCICO TAMANHO: 8X10CM";"70139900";"Loja 1 (Loja)";"Loja 3 (CD)";17,00;3,51;59,67;21,00;4,00;-17,00;0,00
"33512";"OIH-2994 FITA DE VEDACAO PVC";"39191020";"Loja 3 (CD)";"Loja 1 (Loja)";5,00;0,65;3,25;216,00;211,00;-5,00;0,00
"33522";"4122 BOLA SURPRESA QUEBRA-CABEÇA 70G 4X12 CABEÇUDINHOS";"95030099";"Loja 1 (Loja)";"Loja 3 (CD)";12,00;10,62;127,44;12,00;0,00;-12,00;0,00
"33525";"4026 CLAYEEZ CREATIVE 38G 4X12 DINO";"95030099";"Loja 1 (Loja)";"Loja 3 (CD)";24,00;10,90;261,60;47,00;23,00;-24,00;0,00
"33528";"4088 GELELÉ SLIME CLIP BAG 180G 1X15 HOT WHEELS";"95030099";"Loja 3 (CD)";"Loja 1 (Loja)";2,00;8,44;16,88;30,00;28,00;-2,00;0,00
"33532";"LWJ-2214 TESOURA PARA FURADEIRA ELETRICA";"82075019";"Loja 3 (CD)";"Loja 1 (Loja)";6,00;3,96;23,76;30,00;24,00;-6,00;0,00
"33537";"4087 GELELÉ SLIME CLIP BAG 180G 4X15 BARBIE";"95030099";"Loja 3 (CD)";"Loja 1 (Loja)";4,00;8,02;32,08;30,00;26,00;-4,00;0,00
"33539";"3856 GELELÉ SLIME POTE 110G 4X24 BRILHA ESCURO CORES SURPRES";"95030099";"Loja 3 (CD)";"Loja 1 (Loja)";9,00;5,82;52,38;48,00;39,00;-9,00;0,00
"33540";"3210 GELELÉ SLIME POTE 152G 4X24 COLOR";"95030099";"Loja 3 (CD)";"Loja 1 (Loja)";1,00;5,56;5,56;24,00;23,00;-1,00;0,00
"33542";"3209 GELELÉ SLIME POTE 152G 4X24 TRADICIONAL";"95030099";"Loja 3 (CD)";"Loja 1 (Loja)";4,00;5,06;20,24;12,00;8,00;-4,00;0,00
"33575";"BOM-5908 KIT DE PUNCOES NUMERICOS EM ACO 3MM";"82079000";"Loja 1 (Loja)";"Loja 3 (CD)";15,00;4,49;67,35;30,00;15,00;-15,00;0,00
"33581";"RIPADOS";"39189000";"Loja 3 (CD)";"Loja 1 (Loja)";770,00;6,97;5.366,90;770,00;0,00;-770,00;0,00
"33582";"TL ROLO ADESIVO DE DECORACAO  1.2 X 3M";"39189000";"Loja 3 (CD)";"Loja 1 (Loja)";156,00;10,36;1.616,16;2.112,00;1.956,00;-156,00;0,00
"33585";"1178 CUCA LEGAL UNICA";"95030080";"Loja 1 (Loja)";"Loja 3 (CD)";8,00;22,16;177,28;8,00;0,00;-8,00;0,00
"33589";"2750 QUAL E A PALAVRA? UNICA|";"95030080";"Loja 3 (CD)";"Loja 1 (Loja)";4,00;25,33;101,32;4,00;0,00;-4,00;0,00
"33591";"2800 BATALHA NAVAL UNICA|";"95030080";"Loja 3 (CD)";"Loja 1 (Loja)";2,00;20,78;41,56;5,00;3,00;-2,00;0,00
"33612";"811076 MINI QUEBRA-CABECA - DISNEY PRINCESA- MADEIRA UNICA";"95030070";"Loja 3 (CD)";"Loja 1 (Loja)";10,00;3,05;30,50;12,00;2,00;-10,00;0,00
"33619";"3581 OVO SURPRESA 98G 4X18 INSETOS PEGAJOSOS";"95030099";"Loja 3 (CD)";"Loja 1 (Loja)";6,00;6,27;37,62;72,00;66,00;-6,00;0,00
"33627";"4132 STIICA E PULA AIR CLAY 20G 4X15 STITCH";"95030080";"Loja 3 (CD)";"Loja 1 (Loja)";9,00;7,02;63,18;30,00;21,00;-9,00;0,00
"33630";"TRC0131 - GANCHO ADESIVO 2000 PCS";"83025000";"Loja 3 (CD)";"Loja 1 (Loja)";29,00;0,18;5,22;2.000,00;1.971,00;-29,00;0,00
"33782";"BOM-5926 - IMA DE PESCA MAGNETICA - DIAMETRO DA BASE 60MM";"85051100";"Loja 3 (CD)";"Loja 1 (Loja)";5,00;5,33;26,65;5,00;0,00;-7,00;-2,00
"33783";"BOM-2713 - TRAVA METALICA TIPO CORRENTE EM ACO INOX  SP";"83024900";"Loja 3 (CD)";"Loja 1 (Loja)";7,00;1,02;7,14;70,00;63,00;-7,00;0,00
"33785";"BOM-9626 - DESEMPENADEIRA ELETRICA PARA REBOCO";"84672999";"Loja 1 (Loja)";"Loja 3 (CD)";1,00;48,08;48,08;1,00;0,00;-1,00;0,00
"33786";"CS-015 -ARRANHADOR ADESIVO PARA GATOS 50*80CM";"39269090";"Loja 3 (CD)";"Loja 1 (Loja)";10,00;4,00;40,00;54,00;44,00;-10,00;0,00
"33792";"9163 SACOLA PARA PRESENTE DE PAPEL (M)";"48192000";"Loja 3 (CD)";"Loja 1 (Loja)";9,00;1,89;17,01;324,00;315,00;-9,00;0,00
"33794";"9529 SACOLA PARA PRESENTES DE PAPEL (P)";"48192000";"Loja 3 (CD)";"Loja 1 (Loja)";9,00;1,35;12,15;324,00;315,00;-9,00;0,00
"33795";"9530 SACOLA PARA PRESENTE DE PAPEL (M)";"48192000";"Loja 3 (CD)";"Loja 1 (Loja)";15,00;1,89;28,35;324,00;309,00;-15,00;0,00
"33798";"XL24201 CESTA EM INOX P/ SERVIR FRITURAS - 237CM COM ALÇA";"82152000";"Loja 3 (CD)";"Loja 1 (Loja)";5,00;5,12;25,60;36,00;31,00;-5,00;0,00
"33800";"F0388 ORGANIZADOR MULTIUSO";"63079090";"Loja 3 (CD)";"Loja 1 (Loja)";10,00;7,02;70,20;24,00;14,00;-10,00;0,00
"33803";"FJ90237 ORGANIZADOR MULTIUSO";"39249000";"Loja 1 (Loja)";"Loja 3 (CD)";1,00;12,96;12,96;1,00;0,00;-1,00;0,00
"33806";"FJ90512 APARADOR DE LOUCAS 60 POLIESTER 40 ESPONJA";"63071000";"Loja 1 (Loja)";"Loja 3 (CD)";24,00;3,24;77,76;55,00;31,00;-24,00;0,00
"33814";"FJ90792 PORTA OBJETOS GATINHOS";"39249000";"Loja 1 (Loja)";"Loja 3 (CD)";1,00;1,51;1,51;166,00;165,00;-1,00;0,00
"33825";"FJ91205 SACOLA PARA PRESENTES FLORAL (M)";"48194000";"Loja 3 (CD)";"Loja 1 (Loja)";20,00;1,89;37,80;324,00;304,00;-20,00;0,00
"33828";"FJ91399 BANDEJA DE PLASTICO QUADRADA FLOR(P)";"39241000";"Loja 3 (CD)";"Loja 1 (Loja)";1,00;6,64;6,64;26,00;25,00;-1,00;0,00
"33829";"FJ91564 RALO DE PIA PRETO (P)";"73239300";"Loja 1 (Loja)";"Loja 3 (CD)";18,00;1,35;24,30;114,00;96,00;-18,00;0,00
"33836";"XL24219 CONJ. DE TALHRES 24 PEÇAS - BETA SOBRE";"82159910";"Loja 3 (CD)";"Loja 1 (Loja)";2,00;13,45;26,90;12,00;10,00;-2,00;0,00
"33838";"F0339 FRUTEIRA";"39241000";"Loja 3 (CD)";"Loja 1 (Loja)";11,00;5,40;59,40;26,00;15,00;-11,00;0,00
"33839";"F0378 FRUTEIRA CX48";"39241000";"Loja 3 (CD)";"Loja 1 (Loja)";24,00;5,40;129,60;24,00;0,00;-26,00;-2,00
"33841";"FJ90113 BANDEJA DE PLASTICO CX60";"39241000";"Loja 3 (CD)";"Loja 1 (Loja)";10,00;4,86;48,60;36,00;26,00;-10,00;0,00
"33846";"FJ92006 LAÇO MAGICO CORACAO (M)";"39269090";"Loja 3 (CD)";"Loja 1 (Loja)";9,00;0,59;5,31;570,00;561,00;-9,00;0,00
"33855";"TOP2497 CONJUNTO DE PROTETORES QUADRADO P/ MOVEIS C/";"39269090";"Loja 3 (CD)";"Loja 1 (Loja)";6,00;2,53;15,18;6,00;0,00;-13,00;-7,00
"33859";"DELTA-F5116 FONE OUVIDO 50MM";"85183000";"Loja 3 (CD)";"Loja 1 (Loja)";8,00;9,54;76,32;10,00;2,00;-8,00;0,00
"33860";"ON-K501 TTD BICICLETA ERGOMETRICA - 800 950MM - ALTURA DO GUIDAO: 108 120C";"95069100";"Loja 1 (Loja)";"Loja 3 (CD)";1,00;275,58;275,58;18,00;17,00;-1,00;0,00
"33863";"OIP-0603 BRINQUEDOS PET MORDEDOR:";"39269090";"Loja 1 (Loja)";"Loja 3 (CD)";30,00;1,20;36,00;30,00;0,00;-30,00;0,00
"33865";"OIH-4866 LUMINARIA DE MESA LED";"94052100";"Loja 1 (Loja)";"Loja 3 (CD)";48,00;4,43;212,64;48,00;0,00;-48,00;0,00
"33871";"MTG-406 SUPORTE DE MESA PARA CELULAR";"96200000";"Loja 1 (Loja)";"Loja 3 (CD)";30,00;3,38;101,40;60,00;30,00;-30,00;0,00
"33873";"LUM-0425 LUMINARIA LED 30 CM";"85395200";"Loja 1 (Loja)";"Loja 3 (CD)";60,00;2,25;135,00;63,00;3,00;-60,00;0,00
"33876";"NSP-062 SUPORTE MAGNÉTICO PARA MOTOCICLO)";"73269090";"Loja 1 (Loja)";"Loja 3 (CD)";77,00;2,25;173,25;77,00;0,00;-77,00;0,00
"33877";"FON-002 FONES DE OUVIDO COM FIO";"85183000";"Loja 1 (Loja)";"Loja 3 (CD)";49,00;1,13;55,37;135,00;86,00;-49,00;0,00
"33878";"FON-004 FONES DE OUVIDO COM FIO";"85183000";"Loja 1 (Loja)";"Loja 3 (CD)";20,00;1,13;22,60;84,00;64,00;-20,00;0,00
"33879";"SOM-569 COLUNAS DE SOM";"85271300";"Loja 1 (Loja)";"Loja 3 (CD)";14,00;12,75;178,50;15,00;1,00;-14,00;0,00
"33887";"LCW-XXB06-M COLETE PEITORAL PARA PET PARA PASSEIOS";"42010090";"Loja 3 (CD)";"Loja 1 (Loja)";3,00;5,11;15,33;60,00;57,00;-3,00;0,00
"33893";"LCW-YYF24-M ROUPA PARA CAES  RESPIRAVEL E CONFORTAVEL";"42010090";"Loja 3 (CD)";"Loja 1 (Loja)";15,00;2,06;30,90;78,00;63,00;-15,00;0,00
"33895";"BL-48 CARREGADOR DE BATERIA TENSAO 21V";"85076000";"Loja 3 (CD)";"Loja 1 (Loja)";12,00;7,95;95,40;24,00;12,00;-12,00;0,00
"34050";"OIH-4761 LUMINARIA";"94052100";"Loja 1 (Loja)";"Loja 3 (CD)";1,00;3,10;3,10;71,00;70,00;-1,00;0,00
"34053";"OIP-1350 TAPETE GELADO PARA PETS";"39269090";"Loja 1 (Loja)";"Loja 3 (CD)";12,00;9,08;108,96;22,00;10,00;-12,00;0,00
"34059";"GDR1931 CARRO QUE VIRA ROBO";"95030099";"Loja 3 (CD)";"Loja 1 (Loja)";9,00;1,83;16,47;36,00;27,00;-9,00;0,00
"34070";"BM-8656 CARREGAMENTO TRANSMI";"85444200";"Loja 1 (Loja)";"Loja 3 (CD)";100,00;1,30;130,00;100,00;0,00;-100,00;0,00
"34074";"BM-F981 LUMINARIA DE MESA";"94052100";"Loja 1 (Loja)";"Loja 3 (CD)";15,00;5,86;87,90;19,00;4,00;-15,00;0,00
"34076";"BM-F1844 ESCORREDOR DE ARROZ";"73239300";"Loja 1 (Loja)";"Loja 3 (CD)";33,00;2,18;71,94;71,00;38,00;-33,00;0,00
"34095";"YP222-24 KIT PINCEIS 9 PECAS";"96033000";"Loja 3 (CD)";"Loja 1 (Loja)";2,00;8,60;17,20;2,00;0,00;-7,00;-5,00
"34097";"YP0155-1-5 DERMA ROLLER";"39269090";"Loja 1 (Loja)";"Loja 3 (CD)";20,00;6,04;120,80;1.441,00;1.421,00;-20,00;0,00
"34130";"702002 ADESIVO PARA ACNE";"39269090";"Loja 3 (CD)";"Loja 1 (Loja)";3,00;9,60;28,80;3,00;0,00;-33,00;-30,00
"34131";"702006 ADESIVO PARA ACNE";"39269090";"Loja 3 (CD)";"Loja 1 (Loja)";3,00;9,60;28,80;3,00;0,00;-20,00;-17,00
"34134";"ZX0085-AU3 UNHA POSTICA /24PC";"39269090";"Loja 3 (CD)";"Loja 1 (Loja)";3,00;29,40;88,20;3,00;0,00;-6,00;-3,00
"34136";"ACM-FA2072 CENTRAL MULTIMIDIA - TELA: 7 POLEGADAS - TENSAO";"85272100";"Loja 1 (Loja)";"Loja 3 (CD)";10,00;30,52;305,20;10,00;0,00;-10,00;0,00
"34137";"ACM-FA2092 CENTRAL MULTIMIDIA - TELA: 9 POLEGADAS - TENSAO";"85272100";"Loja 1 (Loja)";"Loja 3 (CD)";10,00;35,85;358,50;10,00;0,00;-10,00;0,00
"34140";"OIH-4865 LUMINARIA";"94059900";"Loja 1 (Loja)";"Loja 3 (CD)";6,00;2,78;16,68;97,00;91,00;-6,00;0,00
"34149";"OIH-6113 MINI VENTILADOR";"84145990";"Loja 1 (Loja)";"Loja 3 (CD)";89,00;1,21;107,69;89,00;0,00;-91,00;-2,00
"34150";"ON-SF002 COLCHAO INFLAVEL AUTOMATICO  300 KG 200 X 150 X 40 CM";"94018000";"Loja 3 (CD)";"Loja 1 (Loja)";1,00;80,36;80,36;4,00;3,00;-1,00;0,00
"34151";"BOM-2270 ACABAMENTO DE REGISTRO";"84818019";"Loja 3 (CD)";"Loja 1 (Loja)";5,00;1,31;6,55;40,00;35,00;-5,00;0,00
"34152";"ON-SF003 ESPREGUICADEIRA INFLAVEL  COM BOMBA";"94018000";"Loja 3 (CD)";"Loja 1 (Loja)";5,00;29,80;149,00;10,00;5,00;-5,00;0,00
"34155";"BOM-5573 SP GRAMPOS GRAMPEADOR PNEUMATICO";"83052000";"Loja 1 (Loja)";"Loja 3 (CD)";10,00;7,57;75,70;18,00;8,00;-10,00;0,00
"34166";"FOT0018 PORTA RETRATO DE PLASTICO 15CM X 20CM";"44201900";"Loja 3 (CD)";"Loja 1 (Loja)";7,00;3,59;25,13;33,00;26,00;-7,00;0,00
"34168";"FOT0223 PORTA RETRATO DE MDF";"44201900";"Loja 3 (CD)";"Loja 1 (Loja)";10,00;1,99;19,90;76,00;66,00;-10,00;0,00
"34169";"FOT0224 PORTA RETRATO DE MDF";"44201900";"Loja 3 (CD)";"Loja 1 (Loja)";6,00;2,58;15,48;57,00;51,00;-6,00;0,00
"34170";"FOT0225 PORTA RETRATO";"44201900";"Loja 3 (CD)";"Loja 1 (Loja)";36,00;3,59;129,24;48,00;12,00;-36,00;0,00
"34173";"MT-25 SUPORTE ARTICULADO PARA TV 17 - 45";"73269090";"Loja 1 (Loja)";"Loja 3 (CD)";5,00;8,85;44,25;5,00;0,00;-5,00;0,00
"34174";"MT-24 SUPORTE ARTICULADO PARA TV 32 - 55";"73269090";"Loja 1 (Loja)";"Loja 3 (CD)";5,00;7,58;37,90;5,00;0,00;-5,00;0,00
"34175";"MTT-0905 FONTE DE ALIMENTAÇÃO";"85044090";"Loja 3 (CD)";"Loja 1 (Loja)";1,00;3,08;3,08;80,00;79,00;-1,00;0,00
"34176";"MTG-270 SUPORTE DE CELULAR PARA CARRO";"39269090";"Loja 1 (Loja)";"Loja 3 (CD)";43,00;2,31;99,33;43,00;0,00;-43,00;0,00
"34177";"757-1 AVIAO DE CAÇA F117 DE METAL";"95030099";"Loja 1 (Loja)";"Loja 3 (CD)";23,00;361,00;8.303,00;47,00;24,00;-23,00;0,00
"34178";"295-1 AVIAO F14 DE METAL";"95030099";"Loja 1 (Loja)";"Loja 3 (CD)";23,00;476,00;10.948,00;23,00;0,00;-23,00;0,00
"34179";"8808 BRINQUEDO ATIRA BOLINHA";"95030099";"Loja 1 (Loja)";"Loja 3 (CD)";15,00;505,60;7.584,00;16,00;1,00;-15,00;0,00
"34180";"666-9 ESPADA KATANA FAISCA";"95030099";"Loja 1 (Loja)";"Loja 3 (CD)";23,00;887,41;20.410,43;23,00;0,00;-23,00;0,00
"34182";"286-47 HELICOPTERO DE TRANSPORTE COM LUZ E MUSICA";"95030097";"Loja 1 (Loja)";"Loja 3 (CD)";23,00;498,52;11.465,96;23,00;0,00;-23,00;0,00
"34183";"RDF1133C PISTA BLOCO MAGNETICO 86PCS";"95030060";"Loja 1 (Loja)";"Loja 3 (CD)";15,00;339,64;5.094,60;15,00;0,00;-15,00;0,00
"34184";"CY3306-3AD PISTA ELETRONICA COM CARRINHOS";"95030097";"Loja 1 (Loja)";"Loja 3 (CD)";11,00;698,05;7.678,55;12,00;1,00;-11,00;0,00
"34185";"OIP-1700 LUVA DE SILICONE PARA BANHO DE PETS";"39269090";"Loja 1 (Loja)";"Loja 3 (CD)";8,00;3,23;25,84;10,00;2,00;-8,00;0,00
"34186";"OIH-2948 MOP GIRATÓRIO COM BALDE";"96039000";"Loja 1 (Loja)";"Loja 3 (CD)";34,00;22,29;757,86;34,00;0,00;-34,00;0,00
"34187";"OIH-4882 LUMINARIA";"94052100";"Loja 1 (Loja)";"Loja 3 (CD)";15,00;4,24;63,60;15,00;0,00;-15,00;0,00
"34188";"OIH-2551 MINI PROCESSADOR TRITURADOR MIXER";"82055100";"Loja 1 (Loja)";"Loja 3 (CD)";50,00;1,67;83,50;50,00;0,00;-50,00;0,00
"34189";"OIH-4410 GARRAFA TÉRMICA";"96170010";"Loja 1 (Loja)";"Loja 3 (CD)";59,00;3,58;211,22;59,00;0,00;-59,00;0,00
"34195";"FOT0005 PORTA RETRATO DE PLASTICO 15CM X 20CM";"44149000";"Loja 3 (CD)";"Loja 1 (Loja)";8,00;2,42;19,36;57,00;49,00;-8,00;0,00
"34196";"FOT0006 PORTA RETRATO 20X25CM";"44149000";"Loja 3 (CD)";"Loja 1 (Loja)";2,00;3,37;6,74;2,00;0,00;-31,00;-29,00
"34197";"FOT0056 PORTA RETRATO 15X20 CM DE PLASTICO DECORATIVO";"44201900";"Loja 3 (CD)";"Loja 1 (Loja)";6,00;2,58;15,48;52,00;46,00;-6,00;0,00
"34199";"FOT0191 PORTA RETRATO 20 X 25 REF. 3733";"44201900";"Loja 1 (Loja)";"Loja 3 (CD)";2,00;3,59;7,18;12,00;10,00;-2,00;0,00
"34206";"FOT0065 PORTA RETRATO DE MDF";"44201900";"Loja 3 (CD)";"Loja 1 (Loja)";6,00;3,96;23,76;60,00;54,00;-6,00;0,00
"34212";"CA15280 KIT  LUVAS  DE FORNO E 1 DESCANSO DE PANELA";"63029990";"Loja 1 (Loja)";"Loja 3 (CD)";30,00;2,54;76,20;61,00;31,00;-30,00;0,00
"34217";"1770 LUVA TERMICA ALTA TEMPERATURA B-005 AXTWOOD";"61161000";"Loja 3 (CD)";"Loja 1 (Loja)";13,00;5,25;68,25;24,00;11,00;-13,00;0,00
"34225";"7 TÁBUA DE CARNE ARTESANAL CULTRO T-002 - AXT WOOD";"44199000";"Loja 3 (CD)";"Loja 1 (Loja)";1,00;28,53;28,53;10,00;9,00;-1,00;0,00
"34239";"HB50091 BOLSA FEMININA";"42022220";"Loja 1 (Loja)";"Loja 3 (CD)";1,00;5,50;5,50;1,00;0,00;-1,00;0,00
"34248";"CLA08273 ESPREMEDOR DE BATATA";"82055100";"Loja 3 (CD)";"Loja 1 (Loja)";1,00;13,09;13,09;24,00;23,00;-1,00;0,00
"34258";"JD-04 FITA DUPLA FACE";"39199090";"Loja 1 (Loja)";"Loja 3 (CD)";133,00;1,44;191,52;133,00;0,00;-134,00;-1,00
"34261";"2306 TRICICLO TEDDY BLUE";"95030010";"Loja 3 (CD)";"Loja 1 (Loja)";1,00;331,67;331,67;1,00;0,00;-1,00;0,00
"34263";"2409 ESCAVADEIRA B LAND VERMELHA 12V";"95030010";"Loja 3 (CD)";"Loja 1 (Loja)";1,00;832,96;832,96;1,00;0,00;-1,00;0,00
"34266";"VPL-8002 MACACO TESOURA ELETRICO AUTOMOTIVO";"84254200";"Loja 1 (Loja)";"Loja 3 (CD)";1,00;121,04;121,04;1,00;0,00;-1,00;0,00
"34267";"VPL-8003 MACACO ELETRICO PROFISSIONAL";"39269090";"Loja 1 (Loja)";"Loja 3 (CD)";3,00;57,45;172,35;3,00;0,00;-3,00;0,00
"34268";"VPL-5151 TAPETES PARA CARRO";"85182990";"Loja 1 (Loja)";"Loja 3 (CD)";3,00;43,03;129,09;38,00;35,00;-3,00;0,00
"34270";"VPL-3423 AUTO-FALANTE PARA CARRO";"85129000";"Loja 3 (CD)";"Loja 1 (Loja)";1,00;25,86;25,86;7,00;6,00;-1,00;0,00
"34271";"VPL-5001-20 PALHETA P/CARROS";"85129000";"Loja 3 (CD)";"Loja 1 (Loja)";1,00;2,74;2,74;40,00;39,00;-1,00;0,00
"34272";"VPL-5001-24 PALHETA P/CARROS";"85129000";"Loja 1 (Loja)";"Loja 3 (CD)";10,00;5,10;51,00;38,00;28,00;-10,00;0,00
"34273";"VPL-5001-26 PALHETA P/CARROS";"85129000";"Loja 1 (Loja)";"Loja 3 (CD)";10,00;5,79;57,90;37,00;27,00;-10,00;0,00
"34274";"JD-05 FITA DUPLA FACE";"39199090";"Loja 1 (Loja)";"Loja 3 (CD)";72,00;0,65;46,80;353,00;281,00;-72,00;0,00
"34276";"LWJ-2275 KIT 3 EM 1 GRAMPEADOR GRAMPOS TRENA";"84729040";"Loja 1 (Loja)";"Loja 3 (CD)";24,00;8,57;205,68;46,00;22,00;-24,00;0,00
"34278";"LWJ-B131 GRAMPEADOR MANUAL";"82055100";"Loja 1 (Loja)";"Loja 3 (CD)";98,00;17,55;1.719,90;98,00;0,00;-98,00;0,00
"34285";"DB-1752 BOLSA";"42022210";"Loja 1 (Loja)";"Loja 3 (CD)";1,00;12,64;12,64;21,00;20,00;-1,00;0,00
"34297";"DMT6832 CARRO TOP DOBRAVEL PASSEIO DIVERTIDO PRVM";"87150000";"Loja 1 (Loja)";"Loja 3 (CD)";1,00;122,40;122,40;9,00;8,00;-1,00;0,00
"34299";"DB-1915 BOLSA";"42022210";"Loja 3 (CD)";"Loja 1 (Loja)";5,00;12,64;63,20;20,00;15,00;-5,00;0,00
"34300";"DB-1937 BOLSA";"42022210";"Loja 3 (CD)";"Loja 1 (Loja)";16,00;12,64;202,24;30,00;14,00;-16,00;0,00
"34302";"DC-01253 BOLSA";"42022210";"Loja 3 (CD)";"Loja 1 (Loja)";4,00;12,64;50,56;12,00;8,00;-4,00;0,00
"34303";"DC-01255 BOLSA";"42022210";"Loja 3 (CD)";"Loja 1 (Loja)";5,00;12,64;63,20;12,00;7,00;-5,00;0,00
"34306";"DC-01275 BOLSA";"42022210";"Loja 3 (CD)";"Loja 1 (Loja)";6,00;12,64;75,84;12,00;6,00;-6,00;0,00
"34309";"DC-01260 BOLSA";"42022210";"Loja 3 (CD)";"Loja 1 (Loja)";2,00;12,64;25,28;12,00;10,00;-2,00;0,00
"34311";"BM-F1834 CAIXA DE LENCOS DE P";"73239900";"Loja 1 (Loja)";"Loja 3 (CD)";20,00;2,09;41,80;67,00;47,00;-20,00;0,00
"34312";"BM-8644 ADAPTADOR HUB USB 3.0";"85176254";"Loja 1 (Loja)";"Loja 3 (CD)";31,00;1,61;49,91;81,00;50,00;-31,00;0,00
"34313";"BM-8645 ADAPTADOR USB 3.0";"85176254";"Loja 1 (Loja)";"Loja 3 (CD)";33,00;2,77;91,41;33,00;0,00;-40,00;-7,00
"34314";"BM-F1300 AVENTAL DE LONA";"63029300";"Loja 1 (Loja)";"Loja 3 (CD)";52,00;2,52;131,04;77,00;25,00;-52,00;0,00
"34315";"BM-F1847 PANO DE LIMPEZA";"63079010";"Loja 1 (Loja)";"Loja 3 (CD)";39,00;2,94;114,66;161,00;122,00;-39,00;0,00
"34316";"BM8626 CABO TPE 1METRO IP5";"85444200";"Loja 1 (Loja)";"Loja 3 (CD)";35,00;0,54;18,90;79,00;44,00;-35,00;0,00
"34317";"BM-F1815 CINTTA MODELADORA EL";"63079090";"Loja 1 (Loja)";"Loja 3 (CD)";50,00;5,07;253,50;84,00;34,00;-50,00;0,00
"34319";"BMG-88 SUPORTE DE TV PARA";"73269090";"Loja 1 (Loja)";"Loja 3 (CD)";5,00;28,32;141,60;7,00;2,00;-5,00;0,00
"34320";"BMG-89 SUPORTE DE TV PARA";"73269090";"Loja 1 (Loja)";"Loja 3 (CD)";5,00;11,70;58,50;13,00;8,00;-5,00;0,00
"34321";"BM-F1846 DESENTUPIDOR";"73121090";"Loja 3 (CD)";"Loja 1 (Loja)";18,00;1,83;32,94;40,00;22,00;-18,00;0,00
"34324";"CA15517 ESCOVA PARA VASO SANITARIO COM SUPORTE MATERIAL";"96039000";"Loja 1 (Loja)";"Loja 3 (CD)";29,00;4,99;144,71;63,00;34,00;-29,00;0,00
"34344";"2041 PULVERIZADOR DE PRESSAO DE PLASTICO 2L";"96161000";"Loja 1 (Loja)";"Loja 3 (CD)";8,00;4,89;39,12;22,00;14,00;-8,00;0,00
"34351";"QB-334 MINI PET APITO DISPLAY";"95030039";"Loja 3 (CD)";"Loja 1 (Loja)";53,00;5,40;286,20;144,00;91,00;-53,00;0,00
"34354";"YD-3019 LABIRINTO AVENGERS DISPLAY";"95030099";"Loja 3 (CD)";"Loja 1 (Loja)";42,00;3,96;166,32;144,00;102,00;-42,00;0,00
"34355";"YD-3037 CUBO MAGICO AVENGERS DISPLAY";"95030099";"Loja 3 (CD)";"Loja 1 (Loja)";38,00;3,46;131,48;132,00;94,00;-38,00;0,00
"34359";"YD-804 PIAO PIRAMIDE STITCH";"95030099";"Loja 3 (CD)";"Loja 1 (Loja)";6,00;11,16;66,96;72,00;66,00;-6,00;0,00
"34360";"YD-393 MINI JOGO BASQUETE BL SPIDER";"95030099";"Loja 3 (CD)";"Loja 1 (Loja)";2,00;8,57;17,14;120,00;118,00;-2,00;0,00
"34361";"YD-1014 OCULOS FILME PRINCESAS";"90049090";"Loja 3 (CD)";"Loja 1 (Loja)";3,00;18,65;55,95;120,00;117,00;-3,00;0,00
"34362";"YD-830 BONECA 15CM PRINCESAS DISPLAY";"95030099";"Loja 3 (CD)";"Loja 1 (Loja)";7,00;17,93;125,51;24,00;17,00;-7,00;0,00
"34363";"DB-1915 CARTEIRA";"42022210";"Loja 1 (Loja)";"Loja 3 (CD)";10,00;8,00;80,00;10,00;0,00;-10,00;0,00
"34374";"6667 PLACA DECORATIVA 21X15CM FRASES SORTIDO MDF";"44201900";"Loja 3 (CD)";"Loja 1 (Loja)";6,00;4,75;28,50;28,00;22,00;-6,00;0,00
"34379";"DT10019 MORDEDOR BATATA FRITA 9.8*8*1.6CM";"95030099";"Loja 1 (Loja)";"Loja 3 (CD)";59,00;80,26;4.735,34;59,00;0,00;-59,00;0,00
"34380";"DT10020 MORDEDOR PEZINHO 9*7*1.6CM";"95030099";"Loja 1 (Loja)";"Loja 3 (CD)";59,00;91,20;5.380,80;59,00;0,00;-59,00;0,00
"34381";"DT10021 MORDEDOR MAMADEIRA 10.5*8.5*1.6CM";"95030099";"Loja 1 (Loja)";"Loja 3 (CD)";19,00;100,32;1.906,08;19,00;0,00;-19,00;0,00
"34382";"DT10022 CUBO DIDATICO COM PIANO 12*13 *12CM";"95030091";"Loja 1 (Loja)";"Loja 3 (CD)";11,00;211,58;2.327,38;11,00;0,00;-11,00;0,00
"34383";"DT10026 TAPETE INTERATIVO PIANO COM ANDADOR AZU";"95030091";"Loja 1 (Loja)";"Loja 3 (CD)";7,00;291,84;2.042,88;7,00;0,00;-7,00;0,00
"34384";"DT10027 TAPETE INTERATIVO PIANO COM ANDADOR ROS";"95030091";"Loja 1 (Loja)";"Loja 3 (CD)";7,00;291,84;2.042,88;7,00;0,00;-7,00;0,00
"34385";"DT10032 MORDEDOR 9*10CM";"95030091";"Loja 1 (Loja)";"Loja 3 (CD)";59,00;127,68;7.533,12;59,00;0,00;-59,00;0,00
"34386";"DT10052 LABIRINTO MAGNETICO EDUCATIVO 30*22.5*1.6C";"95030099";"Loja 1 (Loja)";"Loja 3 (CD)";11,00;116,74;1.284,14;11,00;0,00;-11,00;0,00
"34387";"DT10053 PLACA MAGICA 28*19CM";"95030070";"Loja 1 (Loja)";"Loja 3 (CD)";11,00;127,68;1.404,48;11,00;0,00;-11,00;0,00
"34388";"DT10055 BRINQUEDO EDUCATIVO DE CALCULO 20*21*2C";"95030099";"Loja 1 (Loja)";"Loja 3 (CD)";35,00;131,33;4.596,55;35,00;0,00;-35,00;0,00
"34389";"DT10064 TAPETE QUEBRA-CABEÇA COM CARRINHO ESP";"95030099";"Loja 1 (Loja)";"Loja 3 (CD)";11,00;142,27;1.564,97;11,00;0,00;-11,00;0,00
"34390";"DT10074 JOGO DESCUBRA O PERSONAGEM";"95030099";"Loja 1 (Loja)";"Loja 3 (CD)";35,00;251,71;8.809,85;35,00;0,00;-35,00;0,00
"34391";"DT10080 BANCADA DE BELEZA INFANTIL 26*19.5*26CM";"95030099";"Loja 1 (Loja)";"Loja 3 (CD)";11,00;237,12;2.608,32;11,00;0,00;-11,00;0,00
"34392";"DTY0866 BLOCOS DE MONTAR";"95030060";"Loja 1 (Loja)";"Loja 3 (CD)";31,00;175,10;5.428,10;31,00;0,00;-31,00;0,00
"34393";"DTY1149 KIT BLOCOS DE MONTAR";"95030060";"Loja 1 (Loja)";"Loja 3 (CD)";31,00;129,14;4.003,34;31,00;0,00;-31,00;0,00
"34394";"DT10039 PIANO MUSICAL PATINHOS";"95030091";"Loja 1 (Loja)";"Loja 3 (CD)";11,00;145,92;1.605,12;11,00;0,00;-11,00;0,00
"34397";"DV81466 JOGO DE CANECA COM URSO";"69131000";"Loja 3 (CD)";"Loja 1 (Loja)";36,00;3,60;129,60;108,00;72,00;-36,00;0,00
"34398";"DV81429 JOGO DE VIAGEM COM";"96050000";"Loja 3 (CD)";"Loja 1 (Loja)";20,00;5,40;108,00;60,00;40,00;-20,00;0,00
"34401";"DV80144 AMPULHETA 5 MINUTOS";"70139900";"Loja 1 (Loja)";"Loja 3 (CD)";2,00;4,50;9,00;45,00;43,00;-2,00;0,00
"34431";"TK-AB9791 MEDIDAS 265 * 5 * 265";"95030099";"Loja 1 (Loja)";"Loja 3 (CD)";3,00;892,55;2.677,65;42,00;39,00;-3,00;0,00
"34434";"88890 BOLSA  PEQUENA";"42022220";"Loja 1 (Loja)";"Loja 3 (CD)";5,00;18,19;90,95;7,00;2,00;-5,00;0,00
"34436";"0010 CAMISA";"61069000";"Loja 3 (CD)";"Loja 1 (Loja)";41,00;3,75;153,75;500,00;459,00;-41,00;0,00
"34437";"0110 BUCKET BRASIL";"65040090";"Loja 3 (CD)";"Loja 1 (Loja)";133,00;1,88;250,04;270,00;137,00;-133,00;0,00
"34438";"7961 VISEIRA";"65040090";"Loja 3 (CD)";"Loja 1 (Loja)";5,00;1,50;7,50;180,00;175,00;-5,00;0,00
"34440";"6220 - OCULOS 622016640";"90041000";"Loja 3 (CD)";"Loja 1 (Loja)";8,00;1,75;14,00;66,00;58,00;-8,00;0,00
"34448";"153 BOLSA";"42022220";"Loja 1 (Loja)";"Loja 3 (CD)";8,00;15,00;120,00;13,00;5,00;-8,00;0,00
"34449";"151 BOLSA";"42022220";"Loja 1 (Loja)";"Loja 3 (CD)";8,00;14,00;112,00;8,00;0,00;-8,00;0,00
"34450";"178 BOLSA";"42022220";"Loja 1 (Loja)";"Loja 3 (CD)";8,00;12,00;96,00;8,00;0,00;-8,00;0,00
"34451";"120 BOLSA";"42022220";"Loja 1 (Loja)";"Loja 3 (CD)";8,00;14,00;112,00;8,00;0,00;-8,00;0,00
"34452";"107 BOLSA";"42022220";"Loja 1 (Loja)";"Loja 3 (CD)";8,00;14,00;112,00;11,00;3,00;-8,00;0,00
"34453";"092 BOLSA";"42022220";"Loja 1 (Loja)";"Loja 3 (CD)";8,00;14,00;112,00;12,00;4,00;-8,00;0,00
"34454";"118 BOLSA";"42022220";"Loja 1 (Loja)";"Loja 3 (CD)";8,00;14,00;112,00;10,00;2,00;-8,00;0,00
"34455";"102 BOLSA";"42022220";"Loja 1 (Loja)";"Loja 3 (CD)";8,00;12,00;96,00;9,00;1,00;-8,00;0,00
"34456";"093 BOLSA";"42022220";"Loja 1 (Loja)";"Loja 3 (CD)";8,00;11,00;88,00;9,00;1,00;-8,00;0,00
"34457";"136 BOLSA";"42022220";"Loja 1 (Loja)";"Loja 3 (CD)";8,00;11,00;88,00;8,00;0,00;-8,00;0,00
"34458";"618 BOLSA";"42022220";"Loja 1 (Loja)";"Loja 3 (CD)";8,00;10,00;80,00;12,00;4,00;-8,00;0,00
"34459";"057 BOLSA";"42022220";"Loja 1 (Loja)";"Loja 3 (CD)";8,00;9,00;72,00;8,00;0,00;-8,00;0,00
"34460";"128 BOLSA";"42022220";"Loja 1 (Loja)";"Loja 3 (CD)";8,00;12,00;96,00;10,00;2,00;-8,00;0,00
"34461";"080 BOLSA";"42022220";"Loja 1 (Loja)";"Loja 3 (CD)";8,00;11,00;88,00;11,00;3,00;-8,00;0,00
"34474";"66680 BOLSA";"42022220";"Loja 1 (Loja)";"Loja 3 (CD)";8,00;21,67;173,36;11,00;3,00;-8,00;0,00
"34475";"9127  BOLSA GRANDE";"42022220";"Loja 1 (Loja)";"Loja 3 (CD)";8,00;21,89;175,12;14,00;6,00;-8,00;0,00
"34476";"22319 BOLSA GRANDE";"42022220";"Loja 1 (Loja)";"Loja 3 (CD)";23,00;22,51;517,73;24,00;1,00;-23,00;0,00
"34477";"9123 BOLSA MÉDIO";"42022220";"Loja 1 (Loja)";"Loja 3 (CD)";8,00;19,73;157,84;13,00;5,00;-8,00;0,00
"34478";"71284 BOLSA GRANDE";"42022220";"Loja 1 (Loja)";"Loja 3 (CD)";13,00;21,69;281,97;18,00;5,00;-13,00;0,00
"34479";"88885 BOLSA  GRANDE";"42022220";"Loja 1 (Loja)";"Loja 3 (CD)";23,00;17,28;397,44;30,00;7,00;-23,00;0,00
"34480";"71288 BOLSA GRANDE";"42022220";"Loja 1 (Loja)";"Loja 3 (CD)";4,00;19,42;77,68;5,00;1,00;-4,00;0,00
"34481";"71279 BOLSA  GRANDE";"42022220";"Loja 1 (Loja)";"Loja 3 (CD)";8,00;18,16;145,28;11,00;3,00;-8,00;0,00
"34482";"88865 BOLSA  GRANDE";"42022220";"Loja 1 (Loja)";"Loja 3 (CD)";8,00;21,20;169,60;8,00;0,00;-8,00;0,00
"34483";"88886 BOLSA  MÉDIA";"42022220";"Loja 3 (CD)";"Loja 1 (Loja)";1,00;22,79;22,79;9,00;8,00;-1,00;0,00
"34484";"88883 BOLSA  GRANDE";"42022220";"Loja 1 (Loja)";"Loja 3 (CD)";15,00;5,00;75,00;15,00;0,00;-15,00;0,00
"34485";"22566 BOLSA MÉDIO";"42022220";"Loja 1 (Loja)";"Loja 3 (CD)";8,00;20,88;167,04;9,00;1,00;-8,00;0,00
"34486";"22588 BOLSA MÉDIA";"42022220";"Loja 1 (Loja)";"Loja 3 (CD)";8,00;19,12;152,96;10,00;2,00;-8,00;0,00
"34487";"22570 BOLSA GRANDE";"42022220";"Loja 1 (Loja)";"Loja 3 (CD)";8,00;19,94;159,52;11,00;3,00;-8,00;0,00
"34520";"TRC7426 BOLSA DE AGUA QUENTE 2L";"40149010";"Loja 1 (Loja)";"Loja 3 (CD)";1,00;2,41;2,41;41,00;40,00;-1,00;0,00
"34521";"TRC7819 AFIADOR DE FACA";"82055100";"Loja 3 (CD)";"Loja 1 (Loja)";26,00;1,27;33,02;100,00;74,00;-26,00;0,00
"34524";"DMT0350 CARRINHO ROLIMA GIRO DIVERTIDO";"95030010";"Loja 3 (CD)";"Loja 1 (Loja)";1,00;72,79;72,79;5,00;4,00;-1,00;0,00
"34525";"DMT0351 CARRINHO ROLIMA GIRO DIVERTIDO";"95030010";"Loja 3 (CD)";"Loja 1 (Loja)";1,00;72,79;72,79;5,00;4,00;-1,00;0,00
"34559";"DMT7181 DISCO BALL GOL DM SPORTS";"95030097";"Loja 3 (CD)";"Loja 1 (Loja)";4,00;18,58;74,32;12,00;8,00;-4,00;0,00
"34560";"DMT7180 DISCO BALL DM SPORTS";"95030097";"Loja 3 (CD)";"Loja 1 (Loja)";1,00;9,98;9,98;24,00;23,00;-1,00;0,00
"34582";"TOYS25078 BLOCOS EDUCATIVOS - TAM: 395 X 295 X 40 CM";"95030097";"Loja 3 (CD)";"Loja 1 (Loja)";47,00;8,50;399,50;98,00;51,00;-47,00;0,00
"34593";"IDL2252 ENFEITE BOUQUET DE ROSAS";"63079090";"Loja 3 (CD)";"Loja 1 (Loja)";13,00;5,00;65,00;72,00;59,00;-13,00;0,00
"34594";"IDL2254 PORTA JOIAS";"39249000";"Loja 3 (CD)";"Loja 1 (Loja)";47,00;4,38;205,86;100,00;53,00;-47,00;0,00
"34596";"IDL2262 KIT PRESENTE COM 3 FLORES ARTIFICIAIS";"63079090";"Loja 3 (CD)";"Loja 1 (Loja)";11,00;4,63;50,93;240,00;229,00;-11,00;0,00
"34597";"IDL2263 KIT PRESENTE COM 3 ROSAS ARTIFICIAIS";"63079090";"Loja 3 (CD)";"Loja 1 (Loja)";15,00;4,88;73,20;240,00;225,00;-15,00;0,00
"34626";"MJ6157 GARGANTILHA - MONÇÕES";"71179000";"Loja 3 (CD)";"Loja 1 (Loja)";3,00;3,43;10,29;6,00;3,00;-3,00;0,00
"34628";"MJ19143 GARGANTILHA - MONÇÕES";"71179000";"Loja 3 (CD)";"Loja 1 (Loja)";1,00;2,59;2,59;6,00;5,00;-1,00;0,00
"34630";"MJ20376 GARGANTILHA - MONÇÕES";"71179000";"Loja 3 (CD)";"Loja 1 (Loja)";1,00;2,73;2,73;2,00;1,00;-1,00;0,00
"34631";"MJ20426 GARGANTILHA - MONÇÕES";"71179000";"Loja 3 (CD)";"Loja 1 (Loja)";1,00;3,57;3,57;6,00;5,00;-1,00;0,00
"34632";"MJ20459 GARGANTILHA - MONÇÕES";"71179000";"Loja 3 (CD)";"Loja 1 (Loja)";2,00;1,96;3,92;6,00;4,00;-2,00;0,00
"34635";"MJ13646 PULSEIRA - MONÇÕES";"71179000";"Loja 3 (CD)";"Loja 1 (Loja)";1,00;1,12;1,12;6,00;5,00;-1,00;0,00
"34636";"MJ23008 GARGANTILHA - MONÇÕES";"71179000";"Loja 3 (CD)";"Loja 1 (Loja)";1,00;2,94;2,94;6,00;5,00;-1,00;0,00
"34637";"MJ23166 GARGANTILHA - MONÇÕES";"71179000";"Loja 3 (CD)";"Loja 1 (Loja)";1,00;1,54;1,54;1,00;0,00;-1,00;0,00
"34639";"MJ24814 GARGANTILHA - MONÇÕES";"71179000";"Loja 3 (CD)";"Loja 1 (Loja)";3,00;1,75;5,25;6,00;3,00;-3,00;0,00
"34640";"MJ25490 GARGANTILHA - MONÇÕES";"71179000";"Loja 3 (CD)";"Loja 1 (Loja)";2,00;2,66;5,32;6,00;4,00;-2,00;0,00
"34646";"MJ29566 BRINCO - MONÇÕES";"71179000";"Loja 3 (CD)";"Loja 1 (Loja)";2,00;1,82;3,64;6,00;4,00;-2,00;0,00
"34647";"MJ26429 GARGANTILHA - MONÇÕES";"71179000";"Loja 3 (CD)";"Loja 1 (Loja)";1,00;3,36;3,36;5,00;4,00;-1,00;0,00
"34648";"MJ26997 GARGANTILHA - MONÇÕES";"71179000";"Loja 3 (CD)";"Loja 1 (Loja)";6,00;1,47;8,82;6,00;0,00;-6,00;0,00
"34649";"MJ32080 BRINCO - MONÇÕES";"71179000";"Loja 3 (CD)";"Loja 1 (Loja)";1,00;4,19;4,19;4,00;3,00;-1,00;0,00
"34652";"MJ33091 BRINCO - MONÇÕES";"71179000";"Loja 3 (CD)";"Loja 1 (Loja)";1,00;1,89;1,89;2,00;1,00;-1,00;0,00
"34654";"MJ33497 BRINCO - MONÇÕES";"71179000";"Loja 3 (CD)";"Loja 1 (Loja)";3,00;0,63;1,89;6,00;3,00;-3,00;0,00
"34656";"MJ33693 BRINCO - MONÇÕES";"71179000";"Loja 3 (CD)";"Loja 1 (Loja)";3,00;1,54;4,62;6,00;3,00;-3,00;0,00
"34662";"MJ34871 BRINCO - MONÇÕES";"71179000";"Loja 3 (CD)";"Loja 1 (Loja)";2,00;2,03;4,06;6,00;4,00;-2,00;0,00
"34665";"MJ29602 GARGANTILHA - MONÇÕES";"71179000";"Loja 3 (CD)";"Loja 1 (Loja)";1,00;1,96;1,96;3,00;2,00;-1,00;0,00
"34669";"MJ30087 GARGANTILHA - MONÇÕES";"71179000";"Loja 3 (CD)";"Loja 1 (Loja)";1,00;2,24;2,24;6,00;5,00;-1,00;0,00
"34682";"MJ30582 GARGANTILHA - MONÇÕES";"71179000";"Loja 3 (CD)";"Loja 1 (Loja)";6,00;2,79;16,74;6,00;0,00;-10,00;-4,00
"34686";"MJ30677 GARGANTILHA - MONÇÕES";"71179000";"Loja 3 (CD)";"Loja 1 (Loja)";1,00;3,01;3,01;5,00;4,00;-1,00;0,00
"34688";"MJ30679 GARGANTILHA - MONÇÕES";"71179000";"Loja 3 (CD)";"Loja 1 (Loja)";1,00;5,53;5,53;2,00;1,00;-1,00;0,00
"34691";"MJ36424 BRINCO - MONÇÕES";"71179000";"Loja 3 (CD)";"Loja 1 (Loja)";1,00;3,08;3,08;4,00;3,00;-1,00;0,00
"34697";"MJ36879 BRINCO - MONÇÕES";"71179000";"Loja 3 (CD)";"Loja 1 (Loja)";2,00;2,24;4,48;6,00;4,00;-2,00;0,00
"34701";"MJ11831 ANEL - MONÇÕES";"71179000";"Loja 3 (CD)";"Loja 1 (Loja)";1,00;3,01;3,01;1,00;0,00;-1,00;0,00
"34702";"MJ11846 ANEL - MONÇÕES";"71179000";"Loja 3 (CD)";"Loja 1 (Loja)";1,00;1,39;1,39;6,00;5,00;-1,00;0,00
"34709";"MJ37338 BRINCO - MONÇÕES";"71179000";"Loja 3 (CD)";"Loja 1 (Loja)";6,00;1,54;9,24;6,00;0,00;-6,00;0,00
"34710";"MJC18473 PULSEIRA - MONÇÕES";"71179000";"Loja 3 (CD)";"Loja 1 (Loja)";1,00;2,52;2,52;6,00;5,00;-1,00;0,00
"34715";"MJ31313 GARGANTILHA - MONÇÕES";"71179000";"Loja 3 (CD)";"Loja 1 (Loja)";2,00;1,19;2,38;6,00;4,00;-2,00;0,00
"34716";"MJ31329 GARGANTILHA - MONÇÕES";"71179000";"Loja 3 (CD)";"Loja 1 (Loja)";1,00;1,75;1,75;2,00;1,00;-1,00;0,00
"34717";"MJ31402 GARGANTILHA - MONÇÕES";"71179000";"Loja 3 (CD)";"Loja 1 (Loja)";1,00;3,43;3,43;3,00;2,00;-1,00;0,00
"34718";"MJ18579 TORNOZELEIRA - MONÇÕES";"71179000";"Loja 3 (CD)";"Loja 1 (Loja)";1,00;0,84;0,84;6,00;5,00;-1,00;0,00
"34723";"MJC31449 GARGANTILHA - MONÇÕES";"71179000";"Loja 3 (CD)";"Loja 1 (Loja)";1,00;3,43;3,43;6,00;5,00;-1,00;0,00
"34725";"MJC37676 BRINCO - MONÇÕES";"71179000";"Loja 3 (CD)";"Loja 1 (Loja)";1,00;2,03;2,03;2,00;1,00;-1,00;0,00
"34726";"MJ37712 BRINCO - MONÇÕES";"71179000";"Loja 3 (CD)";"Loja 1 (Loja)";1,00;0,98;0,98;6,00;5,00;-1,00;0,00
"34727";"MJ31489 GARGANTILHA - MONÇÕES";"71179000";"Loja 3 (CD)";"Loja 1 (Loja)";2,00;3,22;6,44;6,00;4,00;-2,00;0,00
"34728";"MJ31490 GARGANTILHA - MONÇÕES";"71179000";"Loja 3 (CD)";"Loja 1 (Loja)";3,00;2,03;6,09;6,00;3,00;-3,00;0,00
"34729";"MJ37721 BRINCO - MONÇÕES";"71179000";"Loja 3 (CD)";"Loja 1 (Loja)";2,00;0,84;1,68;6,00;4,00;-2,00;0,00
"34730";"MJ37737 BRINCO - MONÇÕES";"71179000";"Loja 3 (CD)";"Loja 1 (Loja)";2,00;1,26;2,52;6,00;4,00;-2,00;0,00
"34731";"MJ37738 BRINCO - MONÇÕES";"71179000";"Loja 3 (CD)";"Loja 1 (Loja)";1,00;1,82;1,82;7,00;6,00;-1,00;0,00
"34732";"MJ37798 BRINCO - MONÇÕES";"71179000";"Loja 3 (CD)";"Loja 1 (Loja)";2,00;1,33;2,66;3,00;1,00;-2,00;0,00
"34733";"MJ31587 GARGANTILHA - MONÇÕES";"71179000";"Loja 3 (CD)";"Loja 1 (Loja)";2,00;1,54;3,08;6,00;4,00;-2,00;0,00
"34735";"MJ31600 GARGANTILHA - MONÇÕES";"71179000";"Loja 3 (CD)";"Loja 1 (Loja)";3,00;1,82;5,46;7,00;4,00;-3,00;0,00
"34737";"MJ31633 GARGANTILHA - MONÇÕES";"71179000";"Loja 3 (CD)";"Loja 1 (Loja)";1,00;3,22;3,22;6,00;5,00;-1,00;0,00
"34739";"MJ18659 PULSEIRA - MONÇÕES";"71179000";"Loja 3 (CD)";"Loja 1 (Loja)";2,00;2,03;4,06;6,00;4,00;-2,00;0,00
"34740";"MJ18664 PULSEIRA - MONÇÕES";"71179000";"Loja 3 (CD)";"Loja 1 (Loja)";2,00;2,17;4,34;6,00;4,00;-2,00;0,00
"34742";"MJ31699 GARGANTILHA - MONÇÕES";"71179000";"Loja 3 (CD)";"Loja 1 (Loja)";1,00;2,79;2,79;6,00;5,00;-1,00;0,00
"34747";"MJ18751 PULSEIRA - MONÇÕES";"71179000";"Loja 3 (CD)";"Loja 1 (Loja)";1,00;1,96;1,96;5,00;4,00;-1,00;0,00
"34748";"MJ31795 GARGANTILHA - MONÇÕES";"71179000";"Loja 3 (CD)";"Loja 1 (Loja)";1,00;2,03;2,03;6,00;5,00;-1,00;0,00
"34749";"MJ31800 CONJUNTO - MONÇÕES";"71179000";"Loja 3 (CD)";"Loja 1 (Loja)";1,00;3,15;3,15;3,00;2,00;-1,00;0,00
"34750";"MJ31801 CONJUNTO - MONÇÕES";"71179000";"Loja 3 (CD)";"Loja 1 (Loja)";4,00;2,31;9,24;6,00;2,00;-4,00;0,00
"34751";"MJ31807 CONJUNTO - MONÇÕES";"71179000";"Loja 3 (CD)";"Loja 1 (Loja)";5,00;3,49;17,45;6,00;1,00;-5,00;0,00
"34753";"MJ31818 GARGANTILHA - MONÇÕES";"71179000";"Loja 3 (CD)";"Loja 1 (Loja)";6,00;1,82;10,92;6,00;0,00;-6,00;0,00
"34754";"MJ31829 CONJUNTO - MONÇÕES";"71179000";"Loja 3 (CD)";"Loja 1 (Loja)";5,00;2,31;11,55;6,00;1,00;-5,00;0,00
"34755";"MJ18802 PULSEIRA - MONÇÕES";"71179000";"Loja 3 (CD)";"Loja 1 (Loja)";2,00;1,33;2,66;6,00;4,00;-2,00;0,00
"34756";"MJ18803 PULSEIRA - MONÇÕES";"71179000";"Loja 3 (CD)";"Loja 1 (Loja)";1,00;1,05;1,05;6,00;5,00;-1,00;0,00
"34759";"MJ31917 GARGANTILHA - MONÇÕES";"71179000";"Loja 3 (CD)";"Loja 1 (Loja)";2,00;2,45;4,90;8,00;6,00;-2,00;0,00
"34761";"MJ18810 PULSEIRA - MONÇÕES";"71179000";"Loja 3 (CD)";"Loja 1 (Loja)";2,00;1,12;2,24;6,00;4,00;-2,00;0,00
"34763";"MJ18812 PULSEIRA - MONÇÕES";"71179000";"Loja 3 (CD)";"Loja 1 (Loja)";1,00;1,19;1,19;6,00;5,00;-1,00;0,00
"34764";"MJ37944 BRINCO - MONÇÕES";"71179000";"Loja 3 (CD)";"Loja 1 (Loja)";2,00;1,19;2,38;6,00;4,00;-2,00;0,00
"34765";"MJ37952 BRINCO - MONÇÕES";"71179000";"Loja 3 (CD)";"Loja 1 (Loja)";1,00;2,03;2,03;6,00;5,00;-1,00;0,00
"34766";"MJ37953 BRINCO - MONÇÕES";"71179000";"Loja 3 (CD)";"Loja 1 (Loja)";2,00;1,47;2,94;6,00;4,00;-2,00;0,00
"35458";"BM-F1108 P MINI MOP PORTATIL";"96039000";"Loja 1 (Loja)";"Loja 3 (CD)";35,00;3,67;128,45;35,00;0,00;-35,00;0,00
"35459";"MKB-24 CANETA HIDROGRAFICA 24 CORES";"62064000";"Loja 3 (CD)";"Loja 1 (Loja)";141,00;0,10;14,10;6.900,00;6.759,00;-141,00;0,00
"35962";"32015001 CONJUNTO CORAÇÃO CORRENTE CADEADINHO -MAUCK JOIAS";"71131900";"Loja 3 (CD)";"Loja 1 (Loja)";6,00;2,60;15,60;6,00;0,00;-37,00;-31,00
"35963";"MKB-204 CANETA HIDROGRAFICA 204 CORES";"61091000";"Loja 3 (CD)";"Loja 1 (Loja)";10,00;0,10;1,00;6.090,00;6.080,00;-10,00;0,00
"35964";"MKB-168 CANETA HIDROGRAFICA 168 CORES";"61091000";"Loja 3 (CD)";"Loja 1 (Loja)";3,00;0,10;0,30;5.010,00;5.007,00;-3,00;0,00
"35968";"MKB-262 CANETA HIDROGRAFICA 262 CRS";"61091000";"Loja 3 (CD)";"Loja 1 (Loja)";7,00;0,10;0,70;5.220,00;5.213,00;-7,00;0,00
"35969";"MKB-120 CANETA HIDROGRAFICA 120 CORES";"61091000";"Loja 3 (CD)";"Loja 1 (Loja)";10,00;0,10;1,00;5.940,00;5.930,00;-10,00;0,00
"35972";"MKB-36 CANETA HIDROGRAFICA 36 CORES";"61091000";"Loja 3 (CD)";"Loja 1 (Loja)";17,00;0,10;1,70;6.920,00;6.903,00;-17,00;0,00
"36028";"HY2023-65 ENFEITE DECORATIVO EM CERAMICA PARA ORNAMENTACAO DE INTERIORES";"69139000";"Loja 1 (Loja)";"Loja 3 (CD)";2,00;3,95;7,90;7,00;5,00;-2,00;0,00
"36032";"DV80330 BANDEJA DECORATIVA EM MADEIRA CX36";"69119000";"Loja 1 (Loja)";"Loja 3 (CD)";30,00;6,30;189,00;30,00;0,00;-30,00;0,00
"36124";"DV80825 PORTA SABONETE LIQUIDO DE PORCELANA 420ML";"95030031";"Loja 1 (Loja)";"Loja 3 (CD)";1,00;6,30;6,30;25,00;24,00;-1,00;0,00
"36194";"OR314 BOLSA FEMININA";"42022210";"Loja 1 (Loja)";"Loja 3 (CD)";4,00;51,67;206,68;8,00;4,00;-4,00;0,00
"36196";"OR121 BOLSA FEMININA";"42022210";"Loja 1 (Loja)";"Loja 3 (CD)";21,00;44,44;933,24;29,00;8,00;-21,00;0,00
"36212";"W2612 CHINELO PLATAFORMA EVA FEM 2612 - C";"64029990";"Loja 3 (CD)";"Loja 1 (Loja)";1,00;123,48;123,48;3,00;2,00;-1,00;0,00
"36213";"W2619 CHINELO PLATAFORMA EVA FEM 2619 - A";"64029990";"Loja 3 (CD)";"Loja 1 (Loja)";2,00;286,80;573,60;2,00;0,00;-4,00;-2,00
"36258";"PU0450104 PULSEIRA ELOS COM CRUZ PINGENTE BANHO DE OURO 18CM + EXTENSOR ASCENZA";"71132000";"Loja 1 (Loja)";"Loja 3 (CD)";1,00;22,95;22,95;6,00;5,00;-1,00;0,00
"36262";"OIH-2946 CONJUNTO SW 3 ROLOS ADESIVOS";"39269090";"Loja 1 (Loja)";"Loja 3 (CD)";106,00;1,38;146,28;107,00;1,00;-106,00;0,00
"36263";"OIF-7556 PROTETOR DE SAPATO IMPERMEAVEL COM ZIPER";"39262000";"Loja 1 (Loja)";"Loja 3 (CD)";6,00;3,03;18,18;28,00;22,00;-6,00;0,00
"36266";"ON-LV305 EXTRATOR DE SUJEIRA - POTENCIA: 1400W - 220VCA -284 -";"84518000";"Loja 1 (Loja)";"Loja 3 (CD)";2,00;74,88;149,76;2,00;0,00;-2,00;0,00
"36267";"ON-LV306 ASPIRADOR DE PO - POTENCIA: 1400W - 220 VCA- INMETRO: LENOR 293";"85081100";"Loja 1 (Loja)";"Loja 3 (CD)";1,00;56,44;56,44;1,00;0,00;-1,00;0,00
"36268";"ON-LV308 SPIRADOR DE PO DESTINADO  - POTENCIA: 1600W -  220 VCA - LENOR 294";"85081900";"Loja 1 (Loja)";"Loja 3 (CD)";1,00;82,13;82,13;2,00;1,00;-1,00;0,00
"36359";"BOM-6216 KIT DE NIVEL A LASER DE 12 LINHAS RECARREGAVEL COM TRIPE";"90153000";"Loja 1 (Loja)";"Loja 3 (CD)";1,00;49,40;49,40;3,00;2,00;-1,00;0,00
"36360";"BOM-6217 KIT DE NIVEL A LASER DE 16 LINHAS RECARREGAVEL COM TRIPE";"90153000";"Loja 1 (Loja)";"Loja 3 (CD)";1,00;53,56;53,56;3,00;2,00;-1,00;0,00
"36372";"JJ-005 BRINQUEDO CACHORRO";"42010090";"Loja 1 (Loja)";"Loja 3 (CD)";15,00;3,52;52,80;41,00;26,00;-15,00;0,00
"36376";"JJ-021 BRINQUEDO DE CACHORRO";"42010090";"Loja 1 (Loja)";"Loja 3 (CD)";36,00;1,67;60,12;45,00;9,00;-36,00;0,00
"36377";"JHH-133-P BRINQUEDO DE CACHORRO";"42010090";"Loja 1 (Loja)";"Loja 3 (CD)";2,00;10,56;21,12;5,00;3,00;-2,00;0,00
"36378";"JHH-133-G BRINQUEDO DE CACHORRO";"39269090";"Loja 1 (Loja)";"Loja 3 (CD)";21,00;15,00;315,00;24,00;3,00;-21,00;0,00
"36379";"JJ-022 ACESSORIO PARA COLEIRA DE CACHORRO";"42010090";"Loja 3 (CD)";"Loja 1 (Loja)";13,00;0,66;8,58;96,00;83,00;-13,00;0,00
"36381";"WJ-08 BRINQUEDO CACHORRO";"85098090";"Loja 1 (Loja)";"Loja 3 (CD)";13,00;5,28;68,64;28,00;15,00;-13,00;0,00
"36382";"MK-88 BRINQUEDO CACHORRO";"39269090";"Loja 1 (Loja)";"Loja 3 (CD)";30,00;3,55;106,50;53,00;23,00;-30,00;0,00
"36384";"BL-511 COLEIRA DE CACHORRO";"42010090";"Loja 1 (Loja)";"Loja 3 (CD)";4,00;14,00;56,00;36,00;32,00;-4,00;0,00
"36386";"Z0017 COLEIRA DE CACHORRO";"42010090";"Loja 1 (Loja)";"Loja 3 (CD)";58,00;2,60;150,80;82,00;24,00;-58,00;0,00
"36388";"A0023 COLEIRA DE CACHORRO";"42010090";"Loja 1 (Loja)";"Loja 3 (CD)";54,00;2,60;140,40;57,00;3,00;-54,00;0,00
"36390";"A0065 COLEIRA DE CACHORRO";"42010090";"Loja 1 (Loja)";"Loja 3 (CD)";61,00;2,60;158,60;92,00;31,00;-61,00;0,00
"36393";"2 COPA ROUPA DDE COPA";"42010090";"Loja 1 (Loja)";"Loja 3 (CD)";92,00;3,00;276,00;212,00;120,00;-92,00;0,00
"36397";"FZ-32 ROUPA DE CACHORRO";"42010090";"Loja 1 (Loja)";"Loja 3 (CD)";14,00;1,60;22,40;15,00;1,00;-14,00;0,00
"36399";"FZ-22 ROUPA DE CACHORRO";"42010090";"Loja 1 (Loja)";"Loja 3 (CD)";14,00;1,61;22,54;18,00;4,00;-14,00;0,00
"36400";"FZ-35 ROUPA DE CACHORRO";"42010090";"Loja 1 (Loja)";"Loja 3 (CD)";2,00;1,61;3,22;21,00;19,00;-2,00;0,00
"36410";"FZ-10 ROUPA DE CACHORRO";"42010090";"Loja 1 (Loja)";"Loja 3 (CD)";14,00;1,60;22,40;18,00;4,00;-14,00;0,00
"36412";"LUA 061-098 ESTATUETA DE GATO 98";"96033000";"Loja 1 (Loja)";"Loja 3 (CD)";12,00;4,00;48,00;38,00;26,00;-12,00;0,00
"36414";"CL0162 GARRAFA TERMICA 1L ROSCA CORA FROSTED SORT";"96170010";"Loja 1 (Loja)";"Loja 3 (CD)";5,00;13,60;68,00;20,00;15,00;-5,00;0,00
"36415";"CL0163 GARRAFA TERMICA 1L ROSCA RATTAN SORT";"96170010";"Loja 1 (Loja)";"Loja 3 (CD)";6,00;13,00;78,00;20,00;14,00;-6,00;0,00
"36416";"CL0164 GARRAFA TERMICA 1L ROSCA EMPIRE SORT";"96170010";"Loja 3 (CD)";"Loja 1 (Loja)";3,00;12,00;36,00;12,00;9,00;-3,00;0,00
"36422";"FJ91857 CAMINHO DE MESA 100% POLIESTER RENDADO";"63025300";"Loja 3 (CD)";"Loja 1 (Loja)";29,00;4,32;125,28;88,00;59,00;-29,00;0,00
"36425";"AKT3060 CAVALOS SELVAGENS P 10 PCS";"95030039";"Loja 1 (Loja)";"Loja 3 (CD)";1,00;3,99;3,99;37,00;36,00;-1,00;0,00
"36436";"AKT4080 AVIAO FRICCAO CARTOON";"95030098";"Loja 1 (Loja)";"Loja 3 (CD)";1,00;2,80;2,80;41,00;40,00;-1,00;0,00
"36439";"AKT4145 JACARE COM CORDA";"95030098";"Loja 1 (Loja)";"Loja 3 (CD)";1,00;2,39;2,39;38,00;37,00;-1,00;0,00
"36472";"AKT4896 PISTA GIRO COM LANCADOR DINO";"95030099";"Loja 3 (CD)";"Loja 1 (Loja)";2,00;17,47;34,94;12,00;10,00;-2,00;0,00
"36477";"AKT4916 CARRO FRICCAO METAL SPORT";"95030098";"Loja 3 (CD)";"Loja 1 (Loja)";3,00;6,20;18,60;24,00;21,00;-3,00;0,00
"36499";"BI1C10251 BICICLETA ERGOMETRICA";"95069100";"Loja 3 (CD)";"Loja 1 (Loja)";2,00;100,00;200,00;12,00;10,00;-2,00;0,00
"36504";"WG18197 PRATO RASO CERAMICA DALVIK NUDE 25CM";"69120000";"Loja 3 (CD)";"Loja 1 (Loja)";25,00;7,16;179,00;25,00;0,00;-196,00;-171,00
"36507";"WG18529 BOWL CERAMICA BRISTOL BRANCO 20CM";"69120000";"Loja 3 (CD)";"Loja 1 (Loja)";24,00;3,67;88,08;24,00;0,00;-24,00;0,00
"36509";"WG18542 BOWL CERAMICA BRISTOL VERDE 20CM";"69120000";"Loja 3 (CD)";"Loja 1 (Loja)";24,00;3,67;88,08;24,00;0,00;-40,00;-16,00
"36517";"SP2201 PEDRAS DECORATIVAS PRETAS       12323";"70139900";"Loja 1 (Loja)";"Loja 3 (CD)";1,00;2,00;2,00;39,00;38,00;-1,00;0,00
"36841";"DV81411 JOGO DE VIAGEM COM 11PCS";"96161000";"Loja 1 (Loja)";"Loja 3 (CD)";12,00;4,05;48,60;42,00;30,00;-12,00;0,00
"36848";"DV80937 ABAJOUR";"94052900";"Loja 1 (Loja)";"Loja 3 (CD)";2,00;13,95;27,90;12,00;10,00;-2,00;0,00
"36852";"DV81248 BANDEJA DECORATIVA";"70139900";"Loja 1 (Loja)";"Loja 3 (CD)";2,00;3,60;7,20;41,00;39,00;-2,00;0,00
"36869";"6044 DIFUSOR TROPICAL 250 ML - LAVANDA";"33029019";"Loja 1 (Loja)";"Loja 3 (CD)";8,00;71,82;574,56;8,00;0,00;-9,00;-1,00
"36882";"6195 PERFUME DE AMBIENTE 240 ML - FLOR DE CEREJEIRA";"33029019";"Loja 1 (Loja)";"Loja 3 (CD)";12,00;77,75;933,00;17,00;5,00;-12,00;0,00
"36883";"5934660 PERFUME DE AMBIENTE 240 ML - FLOR DE LARANJEIRA";"33029019";"Loja 3 (CD)";"Loja 1 (Loja)";6,00;80,28;481,68;12,00;6,00;-6,00;0,00
"36884";"6092 PERFUME DE AMBIENTE 240 ML - LAVANDA";"33029019";"Loja 1 (Loja)";"Loja 3 (CD)";11,00;77,75;855,25;11,00;0,00;-11,00;0,00
"36885";"6091 PERFUME DE AMBIENTE 240 ML - ORQUIDEA";"33029019";"Loja 1 (Loja)";"Loja 3 (CD)";11,00;77,75;855,25;11,00;0,00;-11,00;0,00
"36887";"LWJ-272 PARAFUSADEIRA / FURADEIRA 21V LUATEK";"84672100";"Loja 1 (Loja)";"Loja 3 (CD)";16,00;16,16;258,56;50,00;34,00;-16,00;0,00
"36899";"9779 PORTA GUARDANAPO DE BAMBU 14X11.7X6.8CM";"44191900";"Loja 3 (CD)";"Loja 1 (Loja)";6,00;2,33;13,98;41,00;35,00;-6,00;0,00
"36906";"52865 SUPER CARRINHO HOMEM ARANHA FRICCAO NO";"95030098";"Loja 1 (Loja)";"Loja 3 (CD)";12,00;10,35;124,20;21,00;9,00;-12,00;0,00
"36909";"53602 BOLA DE VINIL PERSONAGENS DISNEY E MARVEL";"95066200";"Loja 3 (CD)";"Loja 1 (Loja)";8,00;13,39;107,12;24,00;16,00;-8,00;0,00
"36912";"54625 VARNHA COM LUZ GIRATORIO PATRULHA CANINA";"95030099";"Loja 1 (Loja)";"Loja 3 (CD)";12,00;20,88;250,56;26,00;14,00;-12,00;0,00
"36914";"55164 CHAVEIRO POMPOM PATRULHA CANINA SORTIDO";"95030099";"Loja 3 (CD)";"Loja 1 (Loja)";23,00;3,76;86,48;24,00;1,00;-23,00;0,00
"36916";"55923 ESCAVA PREMIO BARBIE";"95030099";"Loja 1 (Loja)";"Loja 3 (CD)";12,00;14,85;178,20;35,00;23,00;-12,00;0,00
"36926";"57232 FIGURA COLECIONAVEL FROZEN";"95030099";"Loja 3 (CD)";"Loja 1 (Loja)";5,00;8,55;42,75;48,00;43,00;-5,00;0,00
"36927";"57265 FIGURA COLECIONAVEL DISNEY SORTIDO";"95030099";"Loja 1 (Loja)";"Loja 3 (CD)";12,00;8,55;102,60;45,00;33,00;-12,00;0,00
"36933";"58607 TUBO D'AGUA HOMEM ARANHA";"95030099";"Loja 3 (CD)";"Loja 1 (Loja)";7,00;8,55;59,85;12,00;5,00;-7,00;0,00
"36935";"58629 TUBO D'AGUA PRINCESAS";"95030099";"Loja 3 (CD)";"Loja 1 (Loja)";6,00;10,35;62,10;24,00;18,00;-6,00;0,00
"36947";"59938 PERSONAGEM FLEXÍVEL TOY STORY";"95030022";"Loja 1 (Loja)";"Loja 3 (CD)";24,00;12,56;301,44;31,00;7,00;-24,00;0,00
"36952";"60103 PERSONAGENS DE BORRACHA DISNEY SORTIDO";"95030022";"Loja 1 (Loja)";"Loja 3 (CD)";2,00;8,24;16,48;65,00;63,00;-2,00;0,00
"36956";"60279 BONECO SALTADOR DISNEY TOY STORY";"95030022";"Loja 3 (CD)";"Loja 1 (Loja)";1,00;8,37;8,37;24,00;23,00;-1,00;0,00
"36965";"61654 RELÓGIO DE PULSO DIGITAL TOY STORY";"91021900";"Loja 3 (CD)";"Loja 1 (Loja)";1,00;33,21;33,21;1,00;0,00;-60,00;-59,00
"36982";"1325 CALENDARIO DE MESA";"44201900";"Loja 3 (CD)";"Loja 1 (Loja)";5,00;3,38;16,90;18,00;13,00;-5,00;0,00
"36983";"1324 CALENDARIO DE MESA";"44201900";"Loja 1 (Loja)";"Loja 3 (CD)";1,00;4,59;4,59;42,00;41,00;-1,00;0,00
"37105";"BP-6005 BOMBA DE AGUA ELETRIGSP-3";"84138100";"Loja 1 (Loja)";"Loja 3 (CD)";23,00;3,57;82,11;142,00;119,00;-23,00;0,00
"37107";"BM-F1845 CONJUNTO DE PENTE DE GXT-2";"96151100";"Loja 1 (Loja)";"Loja 3 (CD)";99,00;6,12;605,88;219,00;120,00;-99,00;0,00
"37109";"BM-F1830 MASSAGEADOR CORPORAL GXT-4";"90191000";"Loja 3 (CD)";"Loja 1 (Loja)";5,00;15,35;76,75;20,00;15,00;-5,00;0,00
"37123";"21175 COPO ALTO PALM TREE 360ML CRISTAL ECOLOGICO - WOL";"70133700";"Loja 1 (Loja)";"Loja 3 (CD)";24,00;5,59;134,16;40,00;16,00;-24,00;0,00
"37148";"FU-A2 - BICICLETA MODELO R3Y0JK000RA004201 PRETA  FU-A2 ANO/MODELO: 2025 TIPO";"87116000";"Loja 1 (Loja)";"Loja 3 (CD)";1,00;4,27;4,27;1,00;0,00;-1,00;0,00
"37156";"AG03BK MOTO ELETRICA 20252250409832  1000 WATTS AMARELO";"87116000";"Loja 3 (CD)";"Loja 1 (Loja)";1,00;6.990,00;6.990,00;1,00;0,00;-1,00;0,00
"37157";"PD-T2 - BICICLETA MODELO R3Y0JK000RA002506  PRETA";"87116000";"Loja 3 (CD)";"Loja 1 (Loja)";1,00;1.400,00;1.400,00;1,00;0,00;-1,00;0,00
"37161";"AG03BK MOTO ELETRICA  1000 WATTS - 202522504098248 AMARELA";"87116000";"Loja 3 (CD)";"Loja 1 (Loja)";1,00;6.990,00;6.990,00;1,00;0,00;-1,00;0,00
"37177";"OIH-2582 PROCESSADOR TRITURADOR MIXER ELÉTRICO";"85098090";"Loja 1 (Loja)";"Loja 3 (CD)";69,00;3,08;212,52;69,00;0,00;-69,00;0,00
"37178";"OIH-6015 VENTILADOR FORTE E FRIO PARA GELO";"84145990";"Loja 1 (Loja)";"Loja 3 (CD)";26,00;2,67;69,42;28,00;2,00;-26,00;0,00
"37180";"OIH-4076 KIT COI 9PCS GANCHOS ADESIVOS PLÁSTICOS";"39249000";"Loja 1 (Loja)";"Loja 3 (CD)";48,00;3,42;164,16;48,00;0,00;-48,00;0,00
"37181";"OIH-4077 KIT COM 6PCS GANCHOS ADESIVOS PLATISCOS";"39249000";"Loja 1 (Loja)";"Loja 3 (CD)";47,00;3,42;160,74;47,00;0,00;-47,00;0,00
"37182";"OIH-4078 SUPORTE DE PAREDE COM VENTOSA";"39249000";"Loja 1 (Loja)";"Loja 3 (CD)";11,00;13,68;150,48;16,00;5,00;-11,00;0,00
"37183";"OIH-4154 TOALHEIRO";"73269090";"Loja 1 (Loja)";"Loja 3 (CD)";13,00;1,00;13,00;20,00;7,00;-13,00;0,00
"37223";"NY-30 - LAMPADA DE LED COLORIDA";"85395200";"Loja 1 (Loja)";"Loja 3 (CD)";2,00;2,96;5,92;52,00;50,00;-2,00;0,00
"37224";"NY-27 - APARELHO DE ILUMINACAO PERMANENTE P/ FOTOGRAFIA E MAQUIAGEM";"94054900";"Loja 1 (Loja)";"Loja 3 (CD)";39,00;5,58;217,62;39,00;0,00;-40,00;-1,00
"37274";"BM-F1858 TABUA DE DESCONGELAMENTO";"73239900";"Loja 1 (Loja)";"Loja 3 (CD)";5,00;2,35;11,75;74,00;69,00;-5,00;0,00
"37276";"BM-8643 ADAPTADOR HUB USB 3.0";"85176254";"Loja 1 (Loja)";"Loja 3 (CD)";20,00;1,70;34,00;69,00;49,00;-20,00;0,00
"37279";"DV80826 PORTA SABONETE LIQUIDO DE PORCELANA 450ML";"95030031";"Loja 1 (Loja)";"Loja 3 (CD)";1,00;6,30;6,30;33,00;32,00;-1,00;0,00
"37280";"DV80827 PORTA SABONETE LIQUIDO DE PORCELANA";"39264000";"Loja 1 (Loja)";"Loja 3 (CD)";24,00;6,30;151,20;52,00;28,00;-24,00;0,00
"37282";"HY2023-10 VASO DE CERAMICA";"69139000";"Loja 1 (Loja)";"Loja 3 (CD)";12,00;4,95;59,40;13,00;1,00;-12,00;0,00
"37288";"AG03BK MOTO ELETRICA VERDE  1000 WATTS - VERDE  202522504098120";"87116000";"Loja 1 (Loja)";"Loja 3 (CD)";1,00;4,27;4,27;1,00;0,00;-1,00;0,00
"37290";"AG03BES PRETA COOTER ELETRICA 1000 WATTS - 202522504098244";"87116000";"Loja 3 (CD)";"Loja 1 (Loja)";1,00;6.999,00;6.999,00;1,00;0,00;-3,00;-2,00
"37300";"ORG031 KIT COSTURA CORACAO  4 CM";"96050000";"Loja 1 (Loja)";"Loja 3 (CD)";3,00;2,36;7,08;40,00;37,00;-3,00;0,00
"37301";"LIM034 ESCOVA LONGO ALCANCE COM CABO DE BAMBOO 31 CM";"96039000";"Loja 3 (CD)";"Loja 1 (Loja)";363,00;3,67;1.332,21;393,00;30,00;-363,00;0,00
"37307";"CAD002- 3 CAPA PARA CADEIRA LUXOR CINZA";"63049300";"Loja 1 (Loja)";"Loja 3 (CD)";9,00;7,61;68,49;47,00;38,00;-9,00;0,00
"37318";"DV81446 CAIXA PARA PRESENTE COM ROSA";"39264000";"Loja 3 (CD)";"Loja 1 (Loja)";11,00;6,30;69,30;60,00;49,00;-11,00;0,00
"37319";"DV81520 PORTA JOIAS COM ROSAS NO TOPO";"39264000";"Loja 3 (CD)";"Loja 1 (Loja)";20,00;6,75;135,00;60,00;40,00;-20,00;0,00
"37364";"CA17012 CABIDE PLASTICO TRANSPARENTE C/5 395X17CM";"39249000";"Loja 1 (Loja)";"Loja 3 (CD)";22,00;3,82;84,04;149,00;127,00;-22,00;0,00
"37365";"AJ-A15-B CAMERA DE SEGURANCA WI-FI TOMADA BRANCA JT-8178 COM VISAO NOTURNA";"85258929";"Loja 1 (Loja)";"Loja 3 (CD)";15,00;50,00;750,00;55,00;40,00;-15,00;0,00
"37437";"MTC-102 COFRE PEGA MOEDA MODELO GATO";"39269090";"Loja 1 (Loja)";"Loja 3 (CD)";12,00;4,70;56,40;82,00;70,00;-12,00;0,00
"37615";"BOM-9662  MARTELETE  PERFURADOR  E  ROMPEDOR  26MM  220V  1480";"84672993";"Loja 1 (Loja)";"Loja 3 (CD)";3,00;62,33;186,99;7,00;4,00;-3,00;0,00
"37618";"BOM-5596  BATERIA  DE  IONS  DE  LITIO  PARA  FERRAMENTAS  ELETRICAS 3.0AH  21V";"85076000";"Loja 3 (CD)";"Loja 1 (Loja)";6,00;11,08;66,48;6,00;0,00;-7,00;-1,00
"37628";"BOM-3923  JOGO  DE  SOQUETES  LONGOS  10  PÇS  8-24MM  ACO   COM  ESTOJO";"82042000";"Loja 1 (Loja)";"Loja 3 (CD)";8,00;12,72;101,76;11,00;3,00;-8,00;0,00
"37634";"BOM-7710  BOLSA DE FERRAMENTAS 16POL";"42029200";"Loja 1 (Loja)";"Loja 3 (CD)";5,00;20,17;100,85;5,00;0,00;-5,00;0,00
"38023";"32412001 BRINCO DESIGN ARGOLA TUBINHO - MAUCK";"71131900";"Loja 3 (CD)";"Loja 1 (Loja)";2.067,00;0,00;0,00;32.412.000,00;32.409.933,00;-2.067,00;0,00
"38166";"35131001 COLAR FILHO(A) VAZADO CRAVEJADO - MAUCK";"71131900";"Loja 3 (CD)";"Loja 1 (Loja)";1,00;1,40;1,40;3,00;2,00;-1,00;0,00
"38169";"35169001 COLAR CARTIER LETRA LISA - MAUCK";"71131900";"Loja 3 (CD)";"Loja 1 (Loja)";4,00;1,30;5,20;29,00;25,00;-4,00;0,00
"38176";"34716001 COLAR PING. FILHOS LISO DELICADO - MAUCK";"71131900";"Loja 3 (CD)";"Loja 1 (Loja)";1,00;0,70;0,70;4,00;3,00;-1,00;0,00
"38364";"ATE-M8701 TECLADO MECANICO PRETO 87KEYS";"84716052";"Loja 3 (CD)";"Loja 1 (Loja)";3,00;16,16;48,48;5,00;2,00;-3,00;0,00
"38375";"GDR2080 SQUISHY BALL DE TARTARUGA ANTIESTRES 6X9";"95030099";"Loja 1 (Loja)";"Loja 3 (CD)";24,00;1,24;29,76;102,00;78,00;-24,00;0,00
"38376";"GDR2093 SQUISHY BALL DE PATINHA ANTIESTRES 6X6CM";"95030099";"Loja 1 (Loja)";"Loja 3 (CD)";63,00;0,85;53,55;180,00;117,00;-63,00;0,00
"38379";"LWJ-197 JOGO DE BROCAS E PONTEIROS";"82075019";"Loja 1 (Loja)";"Loja 3 (CD)";30,00;21,86;655,80;36,00;6,00;-30,00;0,00
"38381";"OIH-5444 CANETA STYLUS";"85102000";"Loja 1 (Loja)";"Loja 3 (CD)";27,00;0,70;18,90;34,00;7,00;-27,00;0,00
"38382";"OIH-5443 LIXADEIRA ELÉTRICA PARA UNHAS";"85098090";"Loja 1 (Loja)";"Loja 3 (CD)";28,00;0,99;27,72;28,00;0,00;-29,00;-1,00
"38383";"OIH-5452 FIO DENTAL";"33062000";"Loja 1 (Loja)";"Loja 3 (CD)";236,00;1,15;271,40;236,00;0,00;-287,00;-51,00
"38384";"OIH-5453 FIO DENTAL";"33062000";"Loja 1 (Loja)";"Loja 3 (CD)";279,00;1,58;440,82;279,00;0,00;-288,00;-9,00
"38385";"OIH-5380 MASSAGEADORA LUVA COM ESFERA";"90191000";"Loja 1 (Loja)";"Loja 3 (CD)";48,00;3,71;178,08;48,00;0,00;-48,00;0,00
"38612";"CH-100-61 BRINQUEDO CHAVEIRO ANIMAL DE PELÚCIA C/ENCHIMENTO";"95030031";"Loja 1 (Loja)";"Loja 3 (CD)";1,00;2,41;2,41;9,00;8,00;-1,00;0,00
"38615";"CH-100-114 BRINQUEDO CHAVEIRO ANIMAL DE PELÚCIA C/ENCHIMENTO";"95030031";"Loja 1 (Loja)";"Loja 3 (CD)";1,00;3,10;3,10;8,00;7,00;-1,00;0,00
"38618";"CH-200-159 BRINQUEDO CHAVEIRO ANIMAL DE PELÚCIA C/ENCHIMENTO";"95030031";"Loja 1 (Loja)";"Loja 3 (CD)";1,00;4,00;4,00;9,00;8,00;-1,00;0,00
"38619";"CH-100-69 BRINQUEDO CHAVEIRO";"95030031";"Loja 1 (Loja)";"Loja 3 (CD)";1,00;3,32;3,32;10,00;9,00;-1,00;0,00
"38624";"CH-100-141 BRINQUEDO CHAVEIRO ANIMAL DE PELÚCIA C/ENCHIMENTO";"95030031";"Loja 1 (Loja)";"Loja 3 (CD)";13,00;2,50;32,50;44,00;31,00;-13,00;0,00
"38625";"CH-200-087 BRINQUEDO ANIMAL DE PELÚCIA C/ENCHIMENTO";"95030031";"Loja 1 (Loja)";"Loja 3 (CD)";1,00;4,03;4,03;11,00;10,00;-1,00;0,00
"38626";"CH-200-162 BRINQUEDO CHAVEIRO ANIMAL DE PELÚCIA C/ENCHIMENTO";"95030031";"Loja 1 (Loja)";"Loja 3 (CD)";1,00;4,00;4,00;8,00;7,00;-1,00;0,00
"38627";"CH-200-054 BRINQUEDO CHAVEIRO ANIMAL DE PELÚCIA C/ENCHIMENTO";"95030031";"Loja 1 (Loja)";"Loja 3 (CD)";1,00;3,06;3,06;11,00;10,00;-1,00;0,00
"38628";"CH-200-047 BRINQUEDO CHAVEIRO ANIMAL DE PELÚCIA C/ENCHIMENTO";"95030031";"Loja 1 (Loja)";"Loja 3 (CD)";1,00;3,51;3,51;10,00;9,00;-1,00;0,00
"38629";"CH-200-158 BRINQUEDO CHAVEIRO ANIMAL DE PELÚCIA C/ENCHIMENTO";"95030031";"Loja 1 (Loja)";"Loja 3 (CD)";1,00;4,07;4,07;11,00;10,00;-1,00;0,00
"38631";"CH-200-079 BRINQUEDO CHAVEIRO ANIMAL DE PELÚCIA C/ENCHIMENTO";"95030031";"Loja 1 (Loja)";"Loja 3 (CD)";13,00;4,33;56,29;23,00;10,00;-13,00;0,00
"38632";"CH-200-109 BRINQUEDO CHAVEIRO ANIMAL DE PELÚCIA C/ENCHIMENTO";"95030031";"Loja 1 (Loja)";"Loja 3 (CD)";1,00;2,06;2,06;9,00;8,00;-1,00;0,00
"38642";"PT11414A BONECO DECORACAO P/ FESTA 32CM";"95059000";"Loja 1 (Loja)";"Loja 3 (CD)";40,00;15,57;622,80;92,00;52,00;-40,00;0,00
"38670";"PT12377 DECORACAO FOGUEIRA SOCM 10 DZ";"95059000";"Loja 1 (Loja)";"Loja 3 (CD)";60,00;44,68;2.680,80;110,00;50,00;-60,00;0,00
"38672";"PT12475 ENFEITE FESTA JUNINA C/ PRENDEDOR";"95059000";"Loja 1 (Loja)";"Loja 3 (CD)";60,00;18,78;1.126,80;102,00;42,00;-60,00;0,00
"38675";"PT12480 TIARA FESTA JUNINA SORT. 35CM";"95059000";"Loja 1 (Loja)";"Loja 3 (CD)";60,00;18,78;1.126,80;100,00;40,00;-60,00;0,00
"38676";"PT12549 TIARA C/ VEU E LACO";"95059000";"Loja 1 (Loja)";"Loja 3 (CD)";60,00;26,27;1.576,20;105,00;45,00;-60,00;0,00
"39132";"OIH-4725 LUMINARIA";"94052900";"Loja 1 (Loja)";"Loja 3 (CD)";16,00;6,07;97,12;17,00;1,00;-16,00;0,00
"39134";"OIF-7312KIT ABDOMINAL 7 PCS";"95069100";"Loja 1 (Loja)";"Loja 3 (CD)";3,00;65,85;197,55;3,00;0,00;-3,00;0,00
"39135";"OIF-7314 KETTLEBELL AJUSTAVEL";"95069100";"Loja 1 (Loja)";"Loja 3 (CD)";3,00;75,39;226,17;3,00;0,00;-3,00;0,00
"39136";"OIH-2300 CONJUNTO DE TALHERES INOX";"82152000";"Loja 1 (Loja)";"Loja 3 (CD)";24,00;9,97;239,28;24,00;0,00;-24,00;0,00
"39137";"OIH-2352 JOGO DE TALHERES INOX";"82152000";"Loja 1 (Loja)";"Loja 3 (CD)";10,00;12,17;121,70;10,00;0,00;-10,00;0,00
"39138";"OIH-2941 PLASTICO FILME PROTETOR 150CI+201";"39191010";"Loja 1 (Loja)";"Loja 3 (CD)";10,00;1,97;19,70;18,00;8,00;-10,00;0,00
"39139";"OIH-2942 FILME PLASTICO PROTETOR 200CI+201";"39191010";"Loja 1 (Loja)";"Loja 3 (CD)";10,00;2,19;21,90;17,00;7,00;-10,00;0,00
"39140";"OIH-2943 PLASTICO FILME PROTETOR";"39191010";"Loja 1 (Loja)";"Loja 3 (CD)";10,00;2,76;27,60;18,00;8,00;-10,00;0,00
"39199";"HO-21394P BOLSA TAMANHO P";"42022210";"Loja 1 (Loja)";"Loja 3 (CD)";6,00;8,00;48,00;12,00;6,00;-6,00;0,00
"39200";"HO-21394M BOLSA TAMANHO M";"42022210";"Loja 1 (Loja)";"Loja 3 (CD)";6,00;8,00;48,00;12,00;6,00;-6,00;0,00
"39201";"HO-21394G BOLSA TAMANHO G";"42022210";"Loja 1 (Loja)";"Loja 3 (CD)";6,00;8,00;48,00;12,00;6,00;-6,00;0,00
"39202";"BC-6087 BOLSINHA TRANSVERSAL";"42022210";"Loja 1 (Loja)";"Loja 3 (CD)";12,00;8,00;96,00;24,00;12,00;-12,00;0,00
"39203";"HO-21741 BOLSA GRANDE 3 DIVISORIAS";"42022210";"Loja 1 (Loja)";"Loja 3 (CD)";12,00;8,00;96,00;24,00;12,00;-12,00;0,00
"39230";"W2652 SANDALIA PLATAFORMA EVA FEM 2652 - C";"64029990";"Loja 1 (Loja)";"Loja 3 (CD)";32,00;128,77;4.120,64;32,00;0,00;-33,00;-1,00
"39231";"BOM-4612 CONJUNTO DE 6 LUMINARIAS LED SOLARES DE JARDIM - DIMENSOES";"94054200";"Loja 1 (Loja)";"Loja 3 (CD)";50,00;12,09;604,50;56,00;6,00;-50,00;0,00
"39232";"BOM-4614 CONJUNTO DE 8 LUMINARIAS LED SOLARES DE JARDIM";"94054200";"Loja 1 (Loja)";"Loja 3 (CD)";84,00;14,90;1.251,60;91,00;7,00;-84,00;0,00
"39233";"I801 CAIXA CRO EVA INF - C K1003";"64029990";"Loja 3 (CD)";"Loja 1 (Loja)";1,00;99,96;99,96;62,00;61,00;-1,00;0,00
"39498";"PRE4323 PRENDEDOR EM PLASTICO COM 16 PECAS";"39249000";"Loja 1 (Loja)";"Loja 3 (CD)";4,00;2,65;10,60;70,00;66,00;-4,00;0,00
"39548";"TOP2327 GANCHOREDONDO AÇO INOX";"83025000";"Loja 1 (Loja)";"Loja 3 (CD)";1,00;0,71;0,71;54,00;53,00;-1,00;0,00
"39556";"TOP2708 POTE VIDRO COM TPA BAMBU REDONDO";"70134900";"Loja 1 (Loja)";"Loja 3 (CD)";12,00;4,91;58,92;29,00;17,00;-12,00;0,00
"39651";"BP71276 - BOLSA FEMININA COM ALCA";"42022210";"Loja 1 (Loja)";"Loja 3 (CD)";8,00;19,92;159,36;8,00;0,00;-8,00;0,00
"39653";"BP22621 BOLSA FEMININA";"42022210";"Loja 1 (Loja)";"Loja 3 (CD)";8,00;17,63;141,04;13,00;5,00;-8,00;0,00
"39658";"BP22622 BOLSA FEMININA";"42022210";"Loja 1 (Loja)";"Loja 3 (CD)";8,00;21,04;168,32;19,00;11,00;-8,00;0,00
"39663";"BP22591 MOCHILA";"42022220";"Loja 1 (Loja)";"Loja 3 (CD)";8,00;16,43;131,44;9,00;1,00;-8,00;0,00
"39667";"BP71285 BOLSA FEMININA MÉDIA";"42022210";"Loja 1 (Loja)";"Loja 3 (CD)";8,00;20,67;165,36;18,00;10,00;-8,00;0,00
"39738";"N8739 BOLSA";"42022100";"Loja 1 (Loja)";"Loja 3 (CD)";8,00;19,49;155,92;13,00;5,00;-8,00;0,00
"39739";"W102 BOLSA";"42022100";"Loja 1 (Loja)";"Loja 3 (CD)";8,00;19,49;155,92;15,00;7,00;-8,00;0,00
"39758";"7131-9 MINI BUDA DECORATIVO DE CERAMICA 5838";"69139000";"Loja 1 (Loja)";"Loja 3 (CD)";6,00;4,45;26,70;27,00;21,00;-6,00;0,00
"39760";"N8647 BOLSA";"42022100";"Loja 1 (Loja)";"Loja 3 (CD)";8,00;19,49;155,92;10,00;2,00;-8,00;0,00
"39761";"XTQ125 BOLSA";"42022100";"Loja 1 (Loja)";"Loja 3 (CD)";8,00;19,49;155,92;10,00;2,00;-8,00;0,00
"39762";"AL1285 BOLSA";"42022100";"Loja 1 (Loja)";"Loja 3 (CD)";8,00;19,49;155,92;13,00;5,00;-8,00;0,00
"39763";"DEC6144 BOLSA";"42022100";"Loja 1 (Loja)";"Loja 3 (CD)";1,00;19,49;19,49;13,00;12,00;-1,00;0,00
"39764";"N8743 BOLSA";"42022100";"Loja 1 (Loja)";"Loja 3 (CD)";8,00;19,49;155,92;11,00;3,00;-8,00;0,00
"39765";"N8725 BOLSA";"42022100";"Loja 1 (Loja)";"Loja 3 (CD)";8,00;19,49;155,92;11,00;3,00;-8,00;0,00
"39766";"AL-1375 BOLSA";"42022100";"Loja 1 (Loja)";"Loja 3 (CD)";8,00;19,49;155,92;12,00;4,00;-8,00;0,00
"39768";"XQ-Y31 BOLSA";"42022100";"Loja 1 (Loja)";"Loja 3 (CD)";8,00;19,49;155,92;11,00;3,00;-8,00;0,00
"39769";"91-3 BOLSA";"42022100";"Loja 1 (Loja)";"Loja 3 (CD)";15,00;50,53;757,95;15,00;0,00;-15,00;0,00
"39770";"N8703 BOLSA";"42022100";"Loja 1 (Loja)";"Loja 3 (CD)";8,00;19,49;155,92;11,00;3,00;-8,00;0,00
"39772";"XQ-T133 BOLSA";"42022100";"Loja 1 (Loja)";"Loja 3 (CD)";8,00;19,49;155,92;11,00;3,00;-8,00;0,00
"39773";"KL-8211 BOLSA SACOLA";"42022100";"Loja 1 (Loja)";"Loja 3 (CD)";5,00;19,49;97,45;6,00;1,00;-5,00;0,00
"39774";"S-5096 BOLSA PALHA";"42022100";"Loja 1 (Loja)";"Loja 3 (CD)";9,00;19,49;175,41;9,00;0,00;-9,00;0,00
"39775";"N8741 BOLSA";"42022100";"Loja 1 (Loja)";"Loja 3 (CD)";6,00;19,49;116,94;9,00;3,00;-6,00;0,00
"39776";"N8718 BOLSA";"42022100";"Loja 1 (Loja)";"Loja 3 (CD)";5,00;19,49;97,45;9,00;4,00;-5,00;0,00
"39777";"N8653 BOLSA";"42022100";"Loja 1 (Loja)";"Loja 3 (CD)";25,00;19,49;487,25;25,00;0,00;-25,00;0,00
"39778";"CLM6033 BOLSA";"42022100";"Loja 1 (Loja)";"Loja 3 (CD)";8,00;19,49;155,92;9,00;1,00;-8,00;0,00
"39779";"BB742 BOLSA";"42022100";"Loja 1 (Loja)";"Loja 3 (CD)";8,00;19,49;155,92;9,00;1,00;-8,00;0,00
"39792";"BM-8566 LUMINARIA SOLAR LED DE PAREDE : 2V/150MA : 10*6*25CM";"94054100";"Loja 3 (CD)";"Loja 1 (Loja)";2,00;2,11;4,22;37,00;35,00;-2,00;0,00
"39804";"OIF-7251 BOLA SUÍÇA DE PILATES";"95066900";"Loja 1 (Loja)";"Loja 3 (CD)";12,00;13,30;159,60;12,00;0,00;-16,00;-4,00
"39806";"BM-F1236 MINI MASSAGEADOR ELE PA 2A";"90191000";"Loja 1 (Loja)";"Loja 3 (CD)";10,00;1,93;19,30;60,00;50,00;-10,00;0,00
"39808";"BM-F1319 GALHETEIRO";"70134900";"Loja 1 (Loja)";"Loja 3 (CD)";2,00;7,75;15,50;9,00;7,00;-2,00;0,00
"39809";"BM-F1468 CAIXA DE ARMAZENAMENGSL 2";"39249000";"Loja 1 (Loja)";"Loja 3 (CD)";13,00;4,02;52,26;15,00;2,00;-13,00;0,00
"39811";"BMG-86 GIMBAL PARA CELULAR";"96200000";"Loja 1 (Loja)";"Loja 3 (CD)";15,00;6,07;91,05;22,00;7,00;-15,00;0,00
"39813";"BM-L20 RING LIGHT 12 RGB";"94054200";"Loja 1 (Loja)";"Loja 3 (CD)";15,00;5,60;84,00;53,00;38,00;-15,00;0,00
"39814";"BP-6014 ESPUMADOR DE LEITE";"85094090";"Loja 1 (Loja)";"Loja 3 (CD)";44,00;2,59;113,96;89,00;45,00;-44,00;0,00
"39815";"BP-6015 SISTEMA DE DUPLA HAS";"85094090";"Loja 1 (Loja)";"Loja 3 (CD)";15,00;2,31;34,65;51,00;36,00;-15,00;0,00
"39817";"BOM-7511 CABO DESENTUPIDOR DE CANOS FEITO EM METAL";"82055900";"Loja 3 (CD)";"Loja 1 (Loja)";1,00;0,92;0,92;146,00;145,00;-1,00;0,00
"39826";"OIH-4885 LUMINÁRIA";"94052100";"Loja 1 (Loja)";"Loja 3 (CD)";8,00;7,55;60,40;18,00;10,00;-8,00;0,00
"39827";"OIH-5206 ESPELHO DE MÃO";"70099200";"Loja 1 (Loja)";"Loja 3 (CD)";2,00;2,38;4,76;22,00;20,00;-2,00;0,00
"39841";"OIF-7252 BOLA SUÍÇA DE PILATES COM CRAVOS";"95066900";"Loja 1 (Loja)";"Loja 3 (CD)";15,00;13,30;199,50;15,00;0,00;-16,00;-1,00
"39852";"LKZ-709  MOCHILA DE HIDRATACAO 2L";"42029200";"Loja 1 (Loja)";"Loja 3 (CD)";5,00;9,12;45,60;23,00;18,00;-5,00;0,00
"39853";"LK-7640 FILTRO DE LINHA COM 4 TOMADAS DE 2 PINOS BIVOLT";"85363090";"Loja 1 (Loja)";"Loja 3 (CD)";30,00;4,89;146,70;35,00;5,00;-30,00;0,00
"39854";"LWJ-2204 1 DISPOSITIVO DE CONEXAO COMENTRADA PADRAO";"85369090";"Loja 1 (Loja)";"Loja 3 (CD)";50,00;0,00;0,00;50,00;0,00;-60,00;-10,00
"39858";"LT-437A LANTERNA ELETRICA MANUAL";"85131010";"Loja 1 (Loja)";"Loja 3 (CD)";93,00;0,87;80,91;156,00;63,00;-93,00;0,00
"39859";"LKY-0035 LUMINARIA LED COM SENSOR DE MOVIMENTO";"94051990";"Loja 1 (Loja)";"Loja 3 (CD)";30,00;5,21;156,30;30,00;0,00;-30,00;0,00
"39861";"LWJ-2261 CINTO ORGANIZADOR DE FER";"42022220";"Loja 1 (Loja)";"Loja 3 (CD)";25,00;6,09;152,25;41,00;16,00;-25,00;0,00
"39862";"LCC-2517 DUCHA CHUVEIRO QUADRADO";"84248990";"Loja 1 (Loja)";"Loja 3 (CD)";60,00;5,51;330,60;103,00;43,00;-60,00;0,00
"39924";"OIJ-J0104 CHURRASQUEIRA PORTATIL A CARVAO";"73218900";"Loja 1 (Loja)";"Loja 3 (CD)";6,00;36,74;220,44;6,00;0,00;-6,00;0,00
"39925";"OIJ-J0110 CHURRASQUEIRA PORTATIL A CARVAO";"73218900";"Loja 1 (Loja)";"Loja 3 (CD)";4,00;49,62;198,48;5,00;1,00;-4,00;0,00
"39926";"OIJ-J0111 CHURRASQUEIRA PORTATIL A CARVAO";"73218900";"Loja 1 (Loja)";"Loja 3 (CD)";4,00;86,52;346,08;7,00;3,00;-4,00;0,00
"39982";"AKT4356 INBLOX CRYSTAL DINO";"95030099";"Loja 1 (Loja)";"Loja 3 (CD)";10,00;0,55;5,50;10,00;0,00;-12,00;-2,00
"39989";"AKT4478 TECLADO ANIMAIS LUZES 3D";"95030091";"Loja 1 (Loja)";"Loja 3 (CD)";9,00;6,00;54,00;9,00;0,00;-9,00;0,00
"39995";"AKT4831 BRINQUEDO DE MONTAR INBLOX MIN";"95030099";"Loja 1 (Loja)";"Loja 3 (CD)";2,00;3,48;6,96;32,00;30,00;-2,00;0,00
"40496";"BP22586 BOLSA FEMININA";"42022220";"Loja 1 (Loja)";"Loja 3 (CD)";8,00;19,67;157,36;11,00;3,00;-8,00;0,00
"40509";"BP88873 BOLSA FEMININA MÉDIA";"42022210";"Loja 1 (Loja)";"Loja 3 (CD)";8,00;18,48;147,84;9,00;1,00;-8,00;0,00
"41300";"BP66755 BOLSA FEMININA MÉDIA";"42022210";"Loja 1 (Loja)";"Loja 3 (CD)";8,00;21,82;174,56;8,00;0,00;-8,00;0,00
"41301";"BP66756 BOLSA FEMININA GRANDE";"42022210";"Loja 1 (Loja)";"Loja 3 (CD)";8,00;21,83;174,64;12,00;4,00;-8,00;0,00
"41321";"LE-7999-20-CR2025 BATERIA BUTÃO DE LITHIUM";"85185000";"Loja 3 (CD)";"Loja 1 (Loja)";5,00;0,60;3,00;400,00;395,00;-5,00;0,00
"41330";"MD01001 - PAINEL RIPADO 280CM X 16.7CM X 2.2";"39259090";"Loja 3 (CD)";"Loja 1 (Loja)";293,00;11,50;3.369,50;2.988,00;2.695,00;-293,00;0,00
"41476";"JJ06-17695 DESODORANTE COLONIA BODY SPLASH JUJU 200ML";"33072010";"Loja 3 (CD)";"Loja 1 (Loja)";1,00;23,02;23,02;11,00;10,00;-1,00;0,00
"41477";"RB01- 17629 GLOSS LABIAL 23ML";"33041000";"Loja 3 (CD)";"Loja 1 (Loja)";3,00;15,32;45,96;34,00;31,00;-3,00;0,00
"41491";"TS05- 17631 GLOSS LABIAL TSUM TSUM 23ML";"33041000";"Loja 3 (CD)";"Loja 1 (Loja)";1,00;15,32;15,32;22,00;21,00;-1,00;0,00
"41587";"46304 - ESCOVA DE DENTE";"85163200";"Loja 3 (CD)";"Loja 1 (Loja)";7,00;1,00;7,00;141,00;134,00;-7,00;0,00
"41634";"TOP2018 - MOEDOR DE TEMPERO ACRILICO+NUCLEO CERAMICO";"82100090";"Loja 3 (CD)";"Loja 1 (Loja)";1,00;2,96;2,96;34,00;33,00;-1,00;0,00
"41676";"SC-B60 BABA ELETRONICA COM CAMERA";"71179000";"Loja 1 (Loja)";"Loja 3 (CD)";10,00;0,83;8,30;10,00;0,00;-10,00;0,00
"41692";"LK-BL49 - BLOQUEADOR PARA BICICLETA";"83011000";"Loja 1 (Loja)";"Loja 3 (CD)";30,00;2,92;87,60;44,00;14,00;-30,00;0,00
"41707";"BG80438 - BOLSA FEMININA";"42022210";"Loja 1 (Loja)";"Loja 3 (CD)";2,00;10,89;21,78;13,00;11,00;-2,00;0,00
"41709";"BOM-7450 - PAR DE JOELHEIRA DE PROTECAO BOM-7450";"63079090";"Loja 1 (Loja)";"Loja 3 (CD)";2,00;6,85;13,70;20,00;18,00;-2,00;0,00
"41710";"BOM-8024 - CHAVE DE IMPACTO PNEUMATICA BOM-8024";"84671190";"Loja 1 (Loja)";"Loja 3 (CD)";1,00;28,55;28,55;10,00;9,00;-1,00;0,00
"41724";"BM-F1408 - DUCHA CHUVEIRO DE MAC";"84818019";"Loja 1 (Loja)";"Loja 3 (CD)";20,00;6,04;120,80;32,00;12,00;-20,00;0,00
"41903";"W2610  - CROCS";"64029990";"Loja 1 (Loja)";"Loja 3 (CD)";47,00;8,08;379,76;47,00;0,00;-48,00;-1,00
"41912";"F1001 - CROCS";"64029990";"Loja 1 (Loja)";"Loja 3 (CD)";18,00;8,82;158,76;51,00;33,00;-18,00;0,00
"41939";"LE-616 - RADIO REPRODUTOR DE SOM (B)";"85271300";"Loja 3 (CD)";"Loja 1 (Loja)";3,00;14,81;44,43;26,00;23,00;-3,00;0,00
"41975";"DV81667 - CAPA PARA ALMOFADA CX60";"48192000";"Loja 1 (Loja)";"Loja 3 (CD)";22,00;6,75;148,50;80,00;58,00;-22,00;0,00
"42009";"GBA24320 - BRINCO DE METAL";"71171900";"Loja 3 (CD)";"Loja 1 (Loja)";2,00;5,50;11,00;132,00;130,00;-2,00;0,00
"42010";"GBA27161A - BRINCO DE METAL";"71171900";"Loja 3 (CD)";"Loja 1 (Loja)";3,00;10,50;31,50;22,00;19,00;-3,00;0,00
"42011";"EBA14550 - BRINCO DE METAL";"71171900";"Loja 3 (CD)";"Loja 1 (Loja)";3,00;3,50;10,50;14,00;11,00;-3,00;0,00
"42018";"FBA23492 - BRINCO DE METAL";"71171900";"Loja 3 (CD)";"Loja 1 (Loja)";1,00;3,50;3,50;14,00;13,00;-1,00;0,00
"42021";"GBD31015 - BRINCO DE METAL";"71171900";"Loja 3 (CD)";"Loja 1 (Loja)";1,00;3,00;3,00;22,00;21,00;-1,00;0,00
"42022";"GBD32020 - BRINCO DE METAL";"71171900";"Loja 3 (CD)";"Loja 1 (Loja)";5,00;3,30;16,50;149,00;144,00;-5,00;0,00
"42023";"GBD32042 - BRINCO DE METAL";"71171900";"Loja 3 (CD)";"Loja 1 (Loja)";2,00;4,50;9,00;90,00;88,00;-2,00;0,00
"42026";"GBD32095 - BRINCO DE METAL";"71179000";"Loja 3 (CD)";"Loja 1 (Loja)";3,00;3,30;9,90;41,00;38,00;-3,00;0,00
"42027";"EBA14122 - BRINCO DE METAL";"71171900";"Loja 3 (CD)";"Loja 1 (Loja)";1,00;6,20;6,20;23,00;22,00;-1,00;0,00
"42030";"EPA13765 - PULSEIRA  DE METAL";"71171900";"Loja 3 (CD)";"Loja 1 (Loja)";2,00;3,50;7,00;23,00;21,00;-2,00;0,00
"42043";"OIA-8233 - AMPLIADOR DE TELA PARA SMARTPHONE - OIA-8233";"39269090";"Loja 1 (Loja)";"Loja 3 (CD)";36,00;4,47;160,92;36,00;0,00;-36,00;0,00
"42220";"LWJ-PC1907-4.8*400 ABRACADEIRA EM NYLON - EMBALAGEM
COM 100 PCS. 4.8MM X 400MM";"39269090";"Loja 1 (Loja)";"Loja 3 (CD)";1,00;0,00;0,00;50,00;49,00;-1,00;0,00
"42236";"BP-21771 - SAPATEIRA DE 9 CAMADA PA-4F";"94032090";"Loja 1 (Loja)";"Loja 3 (CD)";16,00;21,04;336,64;19,00;3,00;-16,00;0,00
"42237";"BP-6013 - DUPLA HASTE ESPUMADOR PA-5F";"85094090";"Loja 1 (Loja)";"Loja 3 (CD)";29,00;2,31;66,99;94,00;65,00;-29,00;0,00
"42240";"BP-22133 - PRATELEIRA MULTIUSO C GSP-3";"94032090";"Loja 1 (Loja)";"Loja 3 (CD)";10,00;14,96;149,60;51,00;41,00;-10,00;0,00
"42241";"BP-22134 - PRATELEIRA MULTIUSO C GSP-3";"94032090";"Loja 1 (Loja)";"Loja 3 (CD)";10,00;17,23;172,30;49,00;39,00;-10,00;0,00
"42242";"BP-22135 - PRATELEIRA MULTIUSO C GSP-3";"94032090";"Loja 1 (Loja)";"Loja 3 (CD)";10,00;19,70;197,00;33,00;23,00;-10,00;0,00
"42334";"TOYS260680 CX576 - ÓCULOS INFANTIL EM PLÁSTICCO PARA NATAÇÃO - TAM: 190 X 140";"90049090";"Loja 3 (CD)";"Loja 1 (Loja)";12,00;0,95;11,40;571,00;559,00;-12,00;0,00
"42335";"TOYS260394 CX288 - BRINQUEDO EM PLÁSTICO UNICÓRNIO NO DISPLAY COM 16 PEÇAS- TAM:";"95030039";"Loja 3 (CD)";"Loja 1 (Loja)";71,00;2,50;177,50;192,00;121,00;-71,00;0,00
"42341";"TOYS23891 CX60 - BRINQUEDO EM PLÁSTICO BLOCOS DE MONTAR 98 PEÇAS - TAM: 180 X 5";"95030060";"Loja 3 (CD)";"Loja 1 (Loja)";1,00;7,50;7,50;51,00;50,00;-1,00;0,00
"42347";"TOYS260831 CX192 - BRINQUEDO EM PLÁSTICO TECLADO MUSICAL - TAM: 300 X 200 CM";"95030091";"Loja 3 (CD)";"Loja 1 (Loja)";43,00;6,00;258,00;172,00;129,00;-43,00;0,00
"42376";"SUPER-223004 BRINQUEDO EM PLÁSTICO BOLHA DE SABÃO - TAM: 195 X 135 X 150 CM";"95030099";"Loja 3 (CD)";"Loja 1 (Loja)";720,00;0,55;396,00;720,00;0,00;-835,00;-115,00
"42407";"SG700 - MEIA ANTI DERRAPANTE FEMININA";"61159600";"Loja 3 (CD)";"Loja 1 (Loja)";83,00;3,00;249,00;192,00;109,00;-83,00;0,00
"42541";"PI3197 PIAO TORNADO - PISTA";"95030099";"Loja 3 (CD)";"Loja 1 (Loja)";1,00;3,85;3,85;55,00;54,00;-1,00;0,00
"42762";"AJ-F87-B Kit-12 maquinas de tosa pets";"85102000";"Loja 3 (CD)";"Loja 1 (Loja)";1,00;6,65;6,65;68,00;67,00;-1,00;0,00
"42763";"AJ-A45 I35 ABQ 8178 monitor";"85258929";"Loja 3 (CD)";"Loja 1 (Loja)";5,00;65,00;325,00;91,00;86,00;-5,00;0,00
"42764";"JT-8177-019 Black JT-8177 Monitoramento Black Shell O19-preto";"85258929";"Loja 3 (CD)";"Loja 1 (Loja)";12,00;8,09;97,08;79,00;67,00;-12,00;0,00
"42785";"BTE-03 Power bank";"85076000";"Loja 1 (Loja)";"Loja 3 (CD)";40,00;6,47;258,80;74,00;34,00;-40,00;0,00
"42786";"BTE-18A Power bank";"85076000";"Loja 1 (Loja)";"Loja 3 (CD)";30,00;9,45;283,50;47,00;17,00;-30,00;0,00
"42787";"SM-33 (J) CAIXA DE SOM BLUETOOTH COM RADIO FM";"85182100";"Loja 1 (Loja)";"Loja 3 (CD)";20,00;13,41;268,20;33,00;13,00;-20,00;0,00
"42789";"SM-37 (J) CAIXA DE SOM BLUETOOTH COM RADIO FM";"85182100";"Loja 1 (Loja)";"Loja 3 (CD)";19,00;11,16;212,04;33,00;14,00;-19,00;0,00
"42790";"BTE-33 Power bank";"85076000";"Loja 1 (Loja)";"Loja 3 (CD)";30,00;9,97;299,10;48,00;18,00;-30,00;0,00
"42805";"CB109-3 Cabo";"85444200";"Loja 1 (Loja)";"Loja 3 (CD)";9,00;0,99;8,91;181,00;172,00;-9,00;0,00
"42806";"BTE-80A Power bank";"85076000";"Loja 1 (Loja)";"Loja 3 (CD)";30,00;8,64;259,20;47,00;17,00;-30,00;0,00
"42822";"VPL-5001-20 - PALHETA P/CARROS";"85129000";"Loja 1 (Loja)";"Loja 3 (CD)";22,00;3,04;66,88;22,00;0,00;-25,00;-3,00
"43203";"FN-BX3 FONE DE OUVIDO BLUETOOTH SEM FIO";"85183000";"Loja 1 (Loja)";"Loja 3 (CD)";91,00;5,49;499,59;361,00;270,00;-91,00;0,00
"43204";"FN-BJ3 FONE DE OUVIDO BLUETOOTH SEM FIO";"85183000";"Loja 1 (Loja)";"Loja 3 (CD)";91,00;5,22;475,02;363,00;272,00;-91,00;0,00
"43373";"BP-13000 MINI PROCESSADOR DE ALIMENTOS 350ML";"85094090";"Loja 3 (CD)";"Loja 1 (Loja)";2,00;3,40;6,80;103,00;101,00;-2,00;0,00
"43374";"BP-22146 PRENDEDORES DE CORTINA";"63079090";"Loja 3 (CD)";"Loja 1 (Loja)";3,00;0,80;2,40;291,00;288,00;-3,00;0,00
"43378";"BP-21716A KIT DE ACESSORIOS PARA";"39249000";"Loja 3 (CD)";"Loja 1 (Loja)";1,00;5,16;5,16;12,00;11,00;-1,00;0,00
"43380";"BP-20964 KIT PARA COZINHA";"39241000";"Loja 3 (CD)";"Loja 1 (Loja)";2,00;10,49;20,98;142,00;140,00;-2,00;0,00
"43381";"BP-15018 MINI PROCESSADOR DE ALIMENTOS MANUAL";"85094090";"Loja 3 (CD)";"Loja 1 (Loja)";3,00;4,04;12,12;89,00;86,00;-3,00;0,00
"43384";"BM-F4205 BRINQUEDO PARA PET";"39269090";"Loja 3 (CD)";"Loja 1 (Loja)";1,00;3,06;3,06;64,00;63,00;-1,00;0,00
"43385";"BM-F4187 CORDÃO ANTI-PERDA";"56075090";"Loja 3 (CD)";"Loja 1 (Loja)";1,00;2,12;2,12;140,00;139,00;-1,00;0,00
"43386";"BM-F4142 VARINHA PARA GATOS";"39269090";"Loja 3 (CD)";"Loja 1 (Loja)";3,00;1,52;4,56;231,00;228,00;-3,00;0,00
"43387";"BM-F4139 COLEIRA P/ PET";"42010090";"Loja 3 (CD)";"Loja 1 (Loja)";2,00;1,96;3,92;129,00;127,00;-2,00;0,00
"43388";"BM-F4107 GUIA PARA PETS";"42010090";"Loja 3 (CD)";"Loja 1 (Loja)";8,00;1,45;11,60;231,00;223,00;-8,00;0,00
"43389";"BP-21060 GUARDA ROUPA PORTATIL";"39249000";"Loja 3 (CD)";"Loja 1 (Loja)";2,00;0,85;1,70;15,00;13,00;-2,00;0,00
"43390";"BP-15005 KIT DE LIMPEZA MULTIUSO";"96039000";"Loja 3 (CD)";"Loja 1 (Loja)";1,00;0,00;0,00;40,00;39,00;-1,00;0,00
"43393";"BM-F4152 FAIXA DE RESISTENCIA";"95069100";"Loja 3 (CD)";"Loja 1 (Loja)";4,00;6,94;27,76;34,00;30,00;-4,00;0,00
"43396";"BP-22124 BORRIFADOR SPRAY";"39269090";"Loja 3 (CD)";"Loja 1 (Loja)";4,00;1,95;7,80;128,00;124,00;-4,00;0,00
"43531";"D-KB12 Porta-cartões";"42023900";"Loja 3 (CD)";"Loja 1 (Loja)";7,00;8,88;62,16;30,00;23,00;-7,00;0,00
"43532";"QB-KB9536-HEI (QB-KB9536-4) PORTA-CARTÕES";"42023200";"Loja 3 (CD)";"Loja 1 (Loja)";3,00;1,75;5,25;29,00;26,00;-3,00;0,00
"43535";"D-117-1 CARTEIRA MASCULINA";"42023200";"Loja 1 (Loja)";"Loja 3 (CD)";18,00;1,74;31,32;18,00;0,00;-20,00;-2,00
"43536";"D-144 CARTEIRA MASCULINA";"42023200";"Loja 1 (Loja)";"Loja 3 (CD)";86,00;1,62;139,32;86,00;0,00;-87,00;-1,00
"43537";"D-167 CARTEIRA MASCULINA";"42023200";"Loja 1 (Loja)";"Loja 3 (CD)";43,00;1,74;74,82;43,00;0,00;-45,00;-2,00
"43540";"D101K Carteira masculina";"42023900";"Loja 1 (Loja)";"Loja 3 (CD)";15,00;1,53;22,95;15,00;0,00;-15,00;0,00
"43541";"D-K115-1 CARTEIRA MASCULINA";"42023200";"Loja 1 (Loja)";"Loja 3 (CD)";10,00;1,83;18,30;10,00;0,00;-10,00;0,00
"43542";"D-K156P CARTEIRA MASCULINA";"42023200";"Loja 1 (Loja)";"Loja 3 (CD)";12,00;1,71;20,52;12,00;0,00;-12,00;0,00
"43543";"D-K159P CARTEIRA MASCULINA";"42023200";"Loja 3 (CD)";"Loja 1 (Loja)";1,00;1,74;1,74;1,00;0,00;-1,00;0,00
"43544";"D-169 CARTEIRA MASCULINA";"42023200";"Loja 1 (Loja)";"Loja 3 (CD)";8,00;1,74;13,92;8,00;0,00;-8,00;0,00
"43545";"D-K163-240 (D-K163) CARTEIRA MASCULINA";"42023200";"Loja 1 (Loja)";"Loja 3 (CD)";10,00;1,70;17,00;10,00;0,00;-10,00;0,00
"43547";"D-L162 CARTEIRA MASCULINA";"42023200";"Loja 1 (Loja)";"Loja 3 (CD)";9,00;2,99;26,91;9,00;0,00;-9,00;0,00
"43892";"BP-15113 CORTAR E PREPARAR LEGUMES";"82055100";"Loja 3 (CD)";"Loja 1 (Loja)";1,00;12,20;12,20;32,00;31,00;-1,00;0,00
"43964";"HF-118D-1 Bola de descompressão rotativo";"95030080";"Loja 3 (CD)";"Loja 1 (Loja)";288,00;1,00;288,00;576,00;288,00;-288,00;0,00
"43965";"ZLNNL-4 Cheese squish toy P";"95030080";"Loja 3 (CD)";"Loja 1 (Loja)";576,00;1,00;576,00;1.152,00;576,00;-576,00;0,00
"43966";"ZLNNL-5 Cheese squish toy G";"95030080";"Loja 3 (CD)";"Loja 1 (Loja)";288,00;1,00;288,00;576,00;288,00;-288,00;0,00
"43967";"ZLNNL-6 Butter Squish";"95030080";"Loja 3 (CD)";"Loja 1 (Loja)";289,00;1,00;289,00;576,00;287,00;-289,00;0,00
"43972";"18027 APARELHO DE FONDUE 6 PECAS PARA DUAS PESSOAS";"73218900";"Loja 3 (CD)";"Loja 1 (Loja)";24,00;21,44;514,56;24,00;0,00;-24,00;0,00
"43990";"AKT4954 BRINQUEDO DE MONTAR INBLOX DIV";"95030099";"Loja 3 (CD)";"Loja 1 (Loja)";1,00;3,69;3,69;48,00;47,00;-1,00;0,00
"43999";"AKT5094 BRINQUEDO EDUCATIVO MAGNETICO";"95030099";"Loja 3 (CD)";"Loja 1 (Loja)";1,00;4,38;4,38;48,00;47,00;-1,00;0,00
"44119";"GX10-3023 MOCHILA COM SUPERFICIE EXTERIOR DE MATERIAL EM PVC";"42029200";"Loja 1 (Loja)";"Loja 3 (CD)";16,00;0,00;0,00;16,00;0,00;-16,00;0,00