Codigo;qtd
472;81
484;30
486;30
487;15
488;378
491;30
508;40
517;100
518;30
538;180
540;80
541;20
542;120
831;1
1191;50
1196;17
1199;40
1209;141
1223;17
1230;45
1245;40
1273;100
1281;50
1285;80
1288;125
1290;50
1292;31
1293;50
1294;20
1300;88
1304;100
1330;19
2089;80
3694;20
3713;40
3715;40
3718;60
3745;20
3747;60
3757;13
3759;85
3764;50
4393;20
4397;200
4451;18
4453;10
4457;35
4466;20
4476;10
4499;310
4517;36
4522;17
4543;100
4547;60
4562;30
4705;50
4826;48
4834;72
4867;80
5462;1
5497;50
5501;160
5764;30
6517;120
6877;50
7278;100
7296;120
7415;9
7730;24
7763;204
7836;22
7961;44
7966;22
7975;22
8040;12
8042;24
8125;15
8196;20
8381;101
8383;1
8387;240
8388;30
8394;45
8408;60
8409;240
8415;100
8421;40
8424;200
8431;60
8434;30
8437;72
8438;20
8457;144
8465;12
8468;36
8483;40
8498;20
8502;25
8503;20
8510;25
8523;70
8528;32
8534;30
8538;525
8549;84
8574;30
8576;88
8578;60
8582;140
8585;60
8586;140
8587;120
8588;250
8592;300
8593;99
8595;120
8597;60
8598;80
8602;10
8605;35
8616;100
8618;70
8621;30
8629;122
8637;60
8638;2
8641;78
8642;18
8644;120
8651;15
8666;2
8669;2
8717;50
8724;64
8739;671
8771;51
8927;24
8952;20
8982;30
8985;41
8993;36
9047;60
9067;6
9069;4
9071;91
9072;5
9077;5
9171;215
9172;426
9177;25
9178;5
9179;110
9181;6
9183;20
9200;1
9203;29
9204;8
9461;60
9472;48
9473;150
9483;1370
9484;39
9486;100
9487;159
9493;60
9494;60
9498;72
9500;30
9503;240
9505;120
9507;30
9509;50
9525;4
9527;499
9528;129
9529;80
9532;20
9542;120
9545;36
9549;90
9561;19
9586;24
9636;72
9687;36
9793;144
9845;91
9854;20
9861;84
9891;72
9897;60
9918;20
9931;120
9940;162
9967;100
9968;50
9971;100
9973;80
9980;85
9984;40
9992;15
9995;35
10005;6
10341;50
10342;36
10377;6
10382;88
10383;38
10402;36
10410;20
10449;12
10907;76
10944;103
10990;19
11038;14
11148;4
11155;36
11158;120
11186;40
11222;300
11231;30
11442;10
11444;12
11453;144
11456;72
11472;120
11473;1
11474;200
11481;36
11490;10
11494;100
11495;98
11496;100
11503;1
11507;29
11514;96
11515;100
11573;95
11578;4
11682;110
11684;120
11685;125
11688;90
11690;230
11692;110
11693;120
11694;100
11733;40
11756;80
11773;95
11787;80
11955;72
12015;50
12055;6
12075;48
12093;80
12095;60
12123;10
12124;40
12135;30
12138;48
12197;2
12219;17
12220;24
12225;30
12234;60
12259;45
12280;2
12292;20
12307;15
12315;30
12316;9
12331;50
12477;14
12480;86
12481;84
12484;59
12496;50
12501;72
12502;72
12504;72
12564;330
12632;5
12709;158
12714;50
12717;450
12746;50
12753;6
12757;5
12770;5
12978;2
12981;65
12982;36
12988;105
12989;720
12993;71
13001;36
13002;50
13007;90
13008;120
13010;240
13016;10
13017;5
13026;6
13027;20
13028;150
13029;20
13058;80
13103;8
13116;60
13386;81
13390;80
13404;40
13407;18
13414;16
13416;72
13417;24
13418;120
13427;100
13581;5
13584;12
13587;240
13597;200
13615;40
13618;1
13622;25
13677;162
13678;144
13794;48
13845;138
13846;24
13861;36
13873;10
13875;60
13877;706
13880;150
14018;50
14044;10
14052;66
14054;25
14060;290
14093;30
14094;60
14095;6
14164;85
14165;64
14174;30
14216;120
14225;106
14243;36
14245;96
14345;1
14347;60
14361;120
14369;121
14378;183
14388;250
14391;430
14403;10
14405;34
14406;64
14407;1
14408;99
14409;142
14411;24
14544;50
14753;216
14949;10
14967;12
14987;9
14999;36
15001;36
15002;36
15011;1
15033;45
15036;45
15071;4189
15080;588
15081;144
15085;20
15107;220
15113;50
15270;1
15312;9
15349;180
15358;4
15364;20
15367;60
15375;120
15377;252
15413;50
15422;100
15427;24
15432;313
15443;90
15446;50
15449;72
15453;96
15459;115
15460;4
15461;24
15466;63
15473;320
15492;31
15499;600
15500;80
15501;552
15502;203
15503;123
15506;300
15510;24
15523;24
15526;24
15528;24
15529;24
15531;6
15533;1
15549;19
15551;32
15552;100
15555;120
15556;240
15557;120
15565;69
15575;24
15593;432
15594;48
15597;48
15599;540
15601;48
15603;144
15605;36
15606;48
15607;600
15608;2
15609;72
15611;36
15614;36
15615;36
15618;30
15625;30
15631;24
15636;36
15642;600
15647;100
15649;600
15680;36
15697;180
15698;180
15699;96
15700;1194
15702;24
15705;48
15707;12
15708;12
15709;24
15710;113
15713;24
15715;24
15717;36
15718;216
15722;12
15724;72
15726;24
15736;96
15739;60
15741;11
15742;87
15743;200
15745;216
15748;50
15749;80
15751;20
15766;216
15773;72
15779;120
15788;10
15793;2
15795;4
15797;36
15798;36
15802;37
15816;36
15817;37
15821;6743
15840;42
15855;716
15860;10
15862;111
15867;168
15871;24
15880;432
15891;2
15903;144
15907;192
15909;60
15910;20
15911;167
15918;384
15922;238
15925;332
15929;219
15932;48
15936;311
15945;192
15951;864
15956;720
15958;143
15960;72
15964;720
15965;16
15968;79
15969;24
15975;35
15976;864
15980;288
15987;34
15990;160
15998;32
15999;10
16003;40
16004;144
16007;225
16009;72
16010;268
16018;300
16020;144
16021;144
16022;431
16024;80
16025;64
16026;42
16027;288
16029;144
16031;216
16032;311
16034;336
16035;560
16036;576
16037;470
16044;336
16048;276
16049;108
16050;73
16051;960
16054;300
16056;288
16058;260
16062;260
16063;336
16066;431
16069;352
16071;360
16073;132
16074;225
16076;360
16078;215
16079;239
16080;260
16081;300
16082;576
16083;192
16086;600
16087;193
16089;600
16091;432
16093;361
16094;216
16096;1160
16099;192
16101;288
16103;252
16104;60
16105;600
16106;600
16107;360
16108;226
16111;384
16118;432
16119;432
16121;430
16122;359
16123;108
16128;384
16129;192
16132;12
16136;409
16141;289
16142;240
16143;720
16145;193
16147;216
16155;432
16157;384
16158;432
16159;432
16160;360
16161;288
16163;432
16164;200
16168;60
16169;168
16172;192
16173;777
16174;215
16177;486
16182;431
16186;215
16193;149
16194;600
16195;287
16196;180
16197;192
16199;1152
16200;160
16201;60
16202;288
16203;268
16204;144
16205;192
16206;188
16207;40
16208;1440
16209;239
16211;359
16212;72
16214;193
16215;60
16218;1880
16222;41
16227;214
16230;640
16233;144
16248;44
16255;144
16265;360
16267;288
16268;2911
16269;191
16273;222
16275;12
16278;20
16279;348
16281;24
16283;24
16284;174
16285;24
16286;96
16287;168
16288;192
16290;100
16291;168
16293;24
16297;36
16298;20
16305;43
16306;1
16307;24
16308;120
16309;72
16310;90
16311;72
16312;24
16316;20
16318;150
16320;17
16323;31
16324;200
16325;24
16326;30
16327;24
16328;24
16329;102
16330;24
16332;180
16338;24
16339;24
16341;24
16342;24
16343;24
16344;120
16345;144
16346;72
16348;96
16350;24
16351;60
16360;72
16361;1
16362;72
16363;360
16364;24
16365;120
16366;48
16368;120
16369;144
16370;24
16373;24
16374;24
16378;72
16379;48
16381;72
16384;48
16386;100
16389;24
16391;50
16414;4
16425;50
16432;1
16471;8
16480;8
16495;2
16503;30
16506;56
16508;50
16523;30
16524;10
16527;20
16529;40
16530;62
16532;30
16534;1
16535;15
16538;20
16539;30
16542;15
16543;30
16545;20
16549;20
16550;32
16552;30
16556;20
16558;30
16561;30
16564;30
16569;30
16570;42
16572;32
16577;30
16581;20
16582;30
16584;30
16599;27
16604;160
16608;1205
16615;25
16627;20
16629;5320
16634;4328
16636;1440
16639;10
16642;5
16665;30
16677;828
16680;28
16703;72
16711;100
16720;385
16722;380
16724;10
16734;9
16741;227
16755;120
16757;83
16781;22
16800;25
16818;72
16819;37
16861;20
16876;517
16884;150
16889;31
16923;300
16934;500
16949;30
16987;50
17065;180
17090;30
17097;1298
17098;150
17162;200
17197;160
17200;240
17300;24
17305;1782
17306;500
17316;51
17317;240
17322;360
17325;60
17326;80
17327;240
17328;420
17331;300
17338;76
17342;24
17343;30
17348;20
17355;12
17357;20
17362;12
17367;30
17446;72
17448;74
17450;124
17451;110
17452;109
17454;138
17455;60
17463;90
17464;60
17465;120
17477;12
17479;10
17484;5
17513;16
17520;36
17559;15
17560;4
17563;15
17565;11
17575;13
17579;20
17585;30
17592;19
17593;18
17601;17
17603;10
17610;21
17622;21
17715;60
17742;16
17744;75
17762;16
17764;300
17772;120
17776;120
17777;120
17779;60
17781;120
17782;240
17792;60
17795;500
17801;240
17802;40
17811;16
17821;79
17871;30
17874;2190
17906;25
17924;50
17933;24
17949;15
17953;100
17958;144
17965;7
17996;40
18011;147
18020;90
18030;27
18036;21
18041;100
18048;20
18059;5
18063;3
18068;20
18070;24
18074;60
18075;21
18076;9
18079;13
18083;36
18088;21
18093;8
18094;6
18095;15
18096;24
18101;24
18103;18
18109;24
18110;24
18111;24
18113;24
18114;50
18117;24
18118;24
18131;36
18137;15
18145;24
18147;2
18148;16
18149;54
18151;36
18152;36
18153;24
18154;24
18155;24
18156;24
18158;21
18159;1
18160;22
18161;18
18162;36
18163;23
18164;24
18170;12
18172;24
18174;10
18175;10
18178;54
18186;36
18190;17
18191;9
18193;1
18207;37
18230;39
18232;19
18247;6
18260;13
18262;36
18267;60
18288;1
18290;20
18322;152
18323;10
18336;120
18354;4
18356;26
18357;54
18367;234
18390;21
18403;130
18406;90
18414;943
18420;40
18421;10
18423;82
18426;50
18429;50
18431;65
18432;23
18436;250
18440;195
18444;1000
18449;200
18454;250
18455;100
18457;100
18461;38
18463;70
18467;200
18495;30
18499;4760
18507;30
18512;198
18513;85
18521;62
18522;354
18524;120
18525;6
18534;687
18562;1
18572;3
18580;2
18583;1
18644;183
18646;145
18673;180
18678;45
18682;84
18684;80
18688;326
18693;200
18695;70
18696;62
18698;72
18701;120
18716;24
18722;36
18739;34
18744;50
18746;50
18749;4
18768;8
18778;3600
18780;90
18787;15
18798;22
18806;22
18807;22
18813;66
18817;44
18819;33
18832;22
18835;22
18839;44
18842;44
18847;22
18851;22
18855;11
18857;66
18860;222
18863;23
18869;22
18873;66
18874;22
18889;44
18892;22
18895;22
18900;22
18904;22
18906;19
18923;40
18926;22
18928;22
18932;11
18941;22
18943;66
18945;22
18949;20
18950;22
18951;66
18953;22
18962;44
18963;88
18964;44
18965;66
18966;66
18967;44
18968;22
18971;22
18972;22
18973;24
18974;88
18975;33
18976;110
18977;22
18979;66
18980;22
18981;44
18982;22
18983;22
18985;33
18988;22
18990;44
19042;600
19217;5
19218;11
19219;68
19262;30
19281;20
19296;20
19298;20
19317;50
19452;500
19504;50
19541;30
19559;100
19574;1
19575;10
19579;12
19584;30
19589;8
19590;40
19593;24
19598;50
19599;8
19605;10
19628;106
19629;300
19630;220
19631;172
19635;250
19637;30
19638;144
19639;500
19643;1
19649;96
19712;135
19717;135
19720;135
19724;135
19725;135
19746;50
19889;13
19904;103
19907;50
19908;6
19909;100
19911;60
19916;8
20228;57
20400;500
20440;15
20632;300
20739;18
20741;13
20758;50
20850;6000
20851;50
20893;6
20936;172
20941;60
20943;49
21045;200
21049;176
21050;45
21051;45
21052;85
21063;6
21065;45
21067;50
21070;1
21098;75
21122;1
21163;239
21192;15
21238;15
21244;1
21255;5
21271;120
21272;150
21273;70
21280;6
21287;47
21288;22
21289;19
21290;1
21291;1
21313;30
21318;8
21319;28
21320;6
21327;10
21328;15
21330;1
21457;1
21463;2
21465;1
21467;2
21470;1
21472;2
21474;2
21475;2
21487;150
21494;90
21497;150
21500;150
21504;150
21506;30
21507;150
21511;30
21512;150
21514;150
21515;150
21517;90
21519;90
21520;62
21521;30
21522;4
21523;2
21526;30
21528;80
21538;192
21539;1
21540;214
21541;25
21542;30
21543;24
21544;162
21546;10
21547;15
21548;72
21557;14
21558;120
21565;50
21568;20
21573;2
21577;16
21579;55
21580;50
21586;28
21588;54
21592;70
21610;100
21618;8
21646;128
21647;110
21649;55
21651;65
21654;25
21656;1
21658;44
21661;14
21664;414
21666;110
21668;167
21670;48
21672;110
21676;110
21677;157
21680;110
21682;182
21684;55
21686;55
21688;110
21690;20
21692;20
21695;20
21697;5
21698;20
21699;20
21706;20
21707;20
21708;13
21709;20
21710;20
21712;12
21714;50
21718;20
21721;20
21736;50
21738;50
21740;50
21741;15
21743;36
21750;18
21753;36
21754;24
21755;9
21759;250
21761;220
21763;20
21765;45
21767;30
21768;18
21773;40
21776;60
21794;36
21799;6
21801;5
21803;1
21820;1
21822;60
21827;24
21831;130
21851;400
21853;66
21854;50
21855;24
21858;30
21862;25
21871;2
21872;1
21873;1
21885;80
21893;40
21897;40
21901;6
21904;16
21907;20
21908;6
21910;14
21912;1
21916;12
21918;3
21923;12
21935;180
21948;20
21951;24
21952;1
21969;29
22132;60
22142;12
22146;12
22147;3
22153;5
22154;5
22155;12
22156;15
22157;12
22158;12
22164;12
22165;60
22166;15
22167;30
22169;12
22170;12
22171;12
22172;15
22173;30
22174;15
22178;12
22179;78
22180;78
22181;12
22182;12
22183;12
22186;12
22187;12
22188;12
22247;36
22387;5240
22434;144
22437;33
22441;33
22442;192
22446;4
22587;2
22588;50
22591;50
22595;50
22603;2
22612;3
22613;5
22622;26
22627;20
22628;1
22630;21
22633;1
22634;36
22635;30
22638;1
22640;450
22641;1
22648;6
22693;150
22695;12
22698;12
22701;2
22702;12
22705;15
22707;25
22714;12
22716;6
22717;12
22718;12
22720;12
22721;12
22734;12
22752;12
22769;12
22772;12
22775;200
22818;60
22821;2
22826;5
22829;48
22844;5
22879;614
22893;120
22966;5
22986;1
22988;25
22989;1
23015;8
23143;30
23155;144
23158;12
23159;3
23213;80
23259;207
23266;158
23267;560
23316;84
23322;12
23354;32
23356;3
23423;42
23510;80
23645;1
23688;100
23690;100
23693;30
23694;10
23695;9
23696;8
23697;22
23699;30
23700;18
23701;13
23702;22
23707;3
23708;30
23709;30
23710;80
23755;17
23776;400
23777;150
23779;50
23780;108
23782;30
23830;4
23832;30
23833;100
23834;100
23835;60
23836;100
23837;100
23842;125
23977;8
23980;10
23982;5
23995;30
24014;120
24015;20
24021;20
24022;10
24037;4
24040;50
24042;72
24043;30
24047;1
24050;1
24093;39
24094;39
24101;24
24145;1
24147;100
24149;1
24151;170
24156;1
24158;49
24160;1
24316;12
24588;44
24605;1
24639;1380
24696;550
24816;40
24819;60
24822;60
24823;42
24824;60
24826;60
24828;60
24830;60
24835;50
24845;30
24854;22
24857;30
24868;50
24916;50
24927;20
24933;1
24936;25
24937;25
24938;25
24939;25
24940;180
24941;170
24944;10
24946;50
24947;30
24951;51
24953;80
24958;50
24959;10
24980;49
24981;25
25142;30
25155;30
25158;30
25166;12
25176;2
25193;50
25215;24
25216;100
25217;24
25220;24
25221;1
25224;30
25225;24
25227;120
25228;50
25231;30
25234;30
25235;30
25238;20
25240;10
25241;48
25242;12
25250;30
25255;10
25260;50
25262;10
25265;10
25273;26
25291;10
25352;22
25354;5
25355;5
25356;4
25360;10
25362;37
25379;10
25394;25
25403;12
25412;35
25415;400
25418;168
25421;24
25428;50
25432;28
25438;25
25449;10
25451;108
25452;51
25453;138
25454;171
25456;21
25464;50
25465;72
25470;1
25472;1
25476;10
25477;1
25478;10
25479;10
25480;10
25482;10
25484;10
25486;10
25487;20
25488;10
25489;18
25490;10
25511;120
25539;10
25540;30
25541;10
25542;1
25544;55
25545;100
25546;2
25547;70
25552;45
25624;10
25665;10
25667;80
25671;240
25672;388
25675;90
25679;180
25680;80
25687;90
25688;90
25689;12
25691;12
25692;12
25693;12
25694;12
25696;12
25697;12
25699;12
25700;12
25701;12
25702;122
25802;230
25896;8
25898;8
25900;100
25907;8
25908;8
25909;8
25910;8
25911;8
25912;8
25913;1
25914;8
25917;1
25918;1
25919;200
25950;50
25952;62
26394;10
26452;8
26456;180
26459;240
26530;500
26531;30
26532;600
26533;900
26534;1635
26535;450
26537;225
26541;10
26644;8
26654;8
26772;12
26845;30
26846;20
26872;50
26876;6
26878;10
26880;30
26896;16
26897;50
26900;2
26908;54
27041;600
27047;139
27068;50
27074;90
27081;50
27114;16
27123;100
27157;53
27163;50
27185;100
27196;50
27199;50
27247;20
27249;60
27250;2
27253;2
27256;60
27257;100
27260;25
27265;25
27268;50
27271;4
27272;20
27281;72
27284;25
27286;72
27287;10
27314;3
27318;25
27321;28
27323;10
27324;25
27326;25
27327;4
27328;15
27330;20
27332;5
27333;10
27335;10
27336;3
27338;25
27357;4
27374;48
27377;24
27433;96
27457;30
27463;20
27481;96
27484;20
27488;600
27489;400
27490;240
27506;20
27804;300
27809;72
27813;600
27814;555
27816;1035
27820;564
28058;1
28098;3
28221;48
28222;48
28227;90
28231;60
28237;30
28239;48
28242;120
28244;120
28245;12
28246;60
28247;60
28249;60
28251;60
28253;60
28255;30
28257;30
28258;30
28259;30
28260;30
28287;100
28288;50
28289;50
28291;50
28292;50
28396;7
28397;21
28450;35
28453;1
28458;2
28466;3
28473;150
28479;20
28480;20
28482;64
28637;624
28676;84
28694;1
28791;100
28801;75
28804;200
28806;10
28807;40
28878;30
28879;30
28890;30
28891;30
28893;25
28896;31
28898;60
28899;45
28900;60
28901;60
28905;9
28920;160
28923;30
28930;187
29046;5
29049;76
29093;2
29143;100
29145;131
29168;60
29170;100
29172;18
29177;40
29178;50
29179;62
29403;100
29435;50
29444;50
29445;45
29454;36
29466;10
29469;16
29476;12
29518;80
29534;20
29537;10
29545;25
29546;9
29549;69
29551;210
29553;20
29558;110
29562;20
29563;8
29566;100
29567;30
29584;1
29586;2
29587;1
29599;60
29600;100
29632;50
29633;120
29634;120
29635;120
29753;30
29754;30
29755;30
29757;30
29759;60
29760;30
29761;30
29762;30
29764;60
29767;12
29771;108
29780;12
29782;16
29783;12
29785;12
29787;12
29857;100
29861;100
29896;216
29935;72
29940;72
29947;72
29948;72
29949;72
29950;72
29951;72
29952;72
29953;72
29954;72
29955;72
29956;72
29957;72
29991;16
30000;60
30001;24
30009;50
30012;30
30013;30
30014;120
30016;15
30024;20
30025;25
30029;65
30036;50
30051;25
30053;100
30055;32
30057;24
30058;30
30060;25
30097;60
30151;100
30159;3
30161;50
30175;3
30176;3
30179;3
30185;10
30190;50
30191;50
30194;15
30195;170
30198;15
30226;10
30282;40
30293;10
30294;4
30304;2
30313;100
30314;100
30316;100
30317;50
30320;50
30321;100
30324;100
30325;30
30326;30
30330;20
30332;20
30334;40
30336;100
30339;50
30341;100
30349;60
30350;59
30351;60
30355;60
30357;60
30359;48
30361;96
30369;20
30370;60
30371;25
30383;36
30389;60
30391;60
30393;180
30511;30
30523;30
30545;30
30546;30
30547;36
30564;50
30567;60
30595;20
30597;480
30599;72
30606;60
30608;100
30610;30
30611;30
30612;40
30614;24
30615;24
30616;60
30617;60
30618;60
30619;60
30620;24
30621;200
30622;18
30623;50
30624;90
30625;30
30627;38
30628;30
30632;20
30634;20
30637;19
30638;30
30639;40
30645;30
30795;30
30797;30
30798;25
30799;25
30800;25
30812;2
30821;75
30823;25
30826;50
30827;50
30828;15
30829;1
30830;2
30832;6
30850;60
30852;60
30853;60
30856;50
30857;100
30858;100
30863;40
30876;25
30881;20
30882;50
30888;8
30891;30
30892;100
30958;150
30971;150
30981;5
30984;5
30992;50
30994;30
30996;100
31001;60
31005;60
31011;100
31013;500
31381;100
31385;100
31387;44
31389;120
31392;12
31393;2
31394;100
31396;10
31399;240
31400;240
31401;80
31402;116
31403;40
31453;30
31454;30
31456;30
31458;30
31459;30
31460;30
31461;30
31462;30
31463;30
31464;30
31465;30
31466;30
31467;30
31468;30
31469;30
31470;30
31471;30
31472;30
31473;30
31474;30
31475;30
31476;30
31477;30
31478;30
31479;30
31557;100
31561;40
31568;90
31569;60
32013;42
32014;12
32017;42
32019;30
32021;36
32025;24
32026;40
32027;40
32028;40
32029;25
32030;25
32160;50
7296;20
10383;38
11038;10
11148;4
12138;18
16197;192
16622;35
18973;2
21520;56
11193;450
15183;756
16516;78
18189;11
18207;115
18208;101
18209;230
18622;1260
18705;39
18706;30
18711;191
18713;221
18723;12
18725;170
18728;212
18730;140
18733;60
18734;240
18867;512
18881;512
18882;512
18891;512
18934;576
18936;576
18944;576
18947;576
18969;528
18970;528
18997;528
18998;528
18999;496
19010;496
19011;496
19016;496
19036;512
19041;512
19044;512
19063;512
19069;380
19073;384
19075;384
19076;384
21003;968
4875;227
8603;181
10415;198
10634;228
10857;230
11480;239
12220;233
12331;182
13332;188
13334;187
13349;182
13427;200
13499;240
13500;240
13501;240
13502;240
13510;200
13511;200
13512;240
13513;240
13514;240
13515;240
13516;200
13517;200
13518;200
13532;240
13533;230
13534;240
13535;200
13536;230
13537;240
13586;200
13594;198
13598;200
13742;233
13751;186
14075;200
14104;180
14359;185
14691;200
15432;229
15496;181
15506;231
16025;161
16150;229
16445;198
16624;180
16847;186
16923;200
17368;237
17443;229
17620;184
17704;182
17708;238
17721;199
17785;180
18010;182
18710;198
18795;181
18825;183
18899;185
19023;182
19638;186
19971;182
20037;184
20332;240
20713;181
22580;226
22585;186
22722;182
22763;182
22765;182
23985;185
25926;230
26497;238
26596;24
26597;20
26598;12
26617;186
26985;230
26986;240
26989;230
26994;240
26997;230
28471;230
28643;180
30181;198
31288;200
31291;200
31464;30
31465;30
31466;30
31467;30
31469;30
31470;30
31471;30
31472;30
31473;30
31474;30
31475;30
31476;30
31477;30
31478;30
31492;200
31510;1
31527;12
31658;20
31659;20
31660;20
31661;29
31662;29
31663;29
31664;29
31665;29
31666;29
31750;72
31752;72
31753;60
31755;50
31756;40
31757;40
31758;50
31759;40
31760;50
31761;40
31763;50
31861;50
31862;40
31863;50
31864;16
31865;16
31866;60
31867;50
31868;16
31869;50
31870;60
31871;16
31873;16
31886;12
31888;12
31890;12
31891;12
31892;12
31893;12
31894;12
31895;12
31896;24
31897;12
31898;12
31899;20
31900;20
31901;15
31902;15
31903;15
31904;15
31905;12
31906;12
31907;12
31908;12
31909;12
31910;12
31911;18
31912;12
31913;18
31914;15
31921;15
31922;12
31923;12
31924;12
31925;12
31926;18
31927;18
31928;12
31929;12
31930;18
31931;18
31932;18
31933;18
31935;18
31937;18
31938;18
31939;18
31941;12
31942;24
31943;18
8880;18
8881;28
8939;4
8940;1
8952;20
8953;72
8970;92
8972;28
8974;21
8980;17
8982;63
8986;89
8990;50
8993;12
9012;75
9016;10
9033;68
9036;41
9044;30
9047;28
9049;60
9061;88
9071;38
9075;12
9078;60
9080;15
9117;20
9170;35
9173;10
9177;32
9178;10
9203;30
9204;1
9213;3
9214;1
9345;1
9456;40
9461;10
9462;81
9472;48
9480;20
9483;6
9487;6
9491;72
9493;35
9494;60
9500;50
9505;91
9507;10
9525;80
9528;20
9532;1
9536;1
9542;60
9545;36
9550;60
9552;1
9556;1
9557;1
9562;30
9565;28
9567;40
9568;10
9570;40
9572;45
9573;25
9574;10
9575;4
9633;72
9636;23
9687;8
9804;47
9840;2
9865;30
9891;55
9894;2
9897;50
9898;55
9931;31
9944;6
9947;11
9949;1
9950;10
9973;35
9976;5
9984;20
9991;80
9992;1
9995;90
9996;35
9997;60
9998;4
9999;6
10000;6
10001;51
10005;39
10052;40
10107;60
10124;75
12644;70
13682;11
16108;4
16487;50
16491;8
16492;12
16493;15
16495;1
16496;4
16497;4
16498;15
16499;36
16501;5
16503;15
16504;30
16505;12
16507;29
16514;49
16515;54
16518;53
16522;63
16524;10
16526;66
16528;64
16530;52
16531;73
16534;3
16555;12
16560;30
16573;1
16574;1
16575;1
16578;1
16587;21
16590;6
16593;4
16596;5
16599;8
16608;37
16612;60
16615;24
16616;53
16621;29
16623;8
16625;21
16626;18
16627;60
16628;33
16630;2
16632;24
16633;11
16638;18
16639;15
16640;13
16641;15
16642;10
16643;91
16645;18
16646;8
16647;10
16648;15
16651;6
16653;30
16660;15
16661;18
16662;42
16663;15
16666;42
16667;30
16669;30
16670;15
16671;15
16672;15
16674;15
16679;30
16686;15
16687;30
16694;14
16697;12
16699;18
16703;42
16707;14
16712;18
16714;88
16717;15
16721;15
16723;15
16724;30
16726;15
16727;15
16737;15
16740;18
16742;23
16746;10
16749;20
16756;14
16762;10
16797;24
16799;20
16800;5
16801;23
16803;18
16807;20
17594;12
17595;37
17597;91
17598;1
17599;15
17600;12
17603;20
17605;30
17607;15
17608;25
17610;21
17611;7
17613;3
17614;14
17616;72
17618;3
17622;21
17623;1
17624;50
17625;1
17630;21
17631;20
17636;25
17637;5
17639;22
17640;12
17641;16
17644;5
17648;40
17650;31
17651;30
17652;29
17653;63
17659;4
17661;2
17663;48
17664;6
17665;6
17666;52
17667;7
17668;60
17669;20
17670;1
17671;78
17672;4
17673;50
17674;50
17675;3
17676;16
17677;88
17678;16
17682;24
17683;93
17687;73
17688;86
17690;24
17691;16
17694;49
17695;48
17696;47
17698;24
17701;24
17702;3
17703;3
17711;31
17712;5
17716;34
17718;25
17719;95
17723;3
17726;1
17728;36
17731;60
17734;35
17735;25
17736;1
17737;49
17738;2
17742;11
17743;49
17744;1
17745;40
17746;17
17747;19
17748;26
17752;72
17754;12
17759;45
17761;51
17762;11
17768;65
17770;6
17771;8
17772;52
17775;26
17776;67
17777;63
17779;16
17780;1
19451;10
21242;30
22135;1
22149;70
22151;8
22153;5
22154;5
22155;20
22156;13
22158;6
22160;24
22162;3
22166;15
22167;30
22169;19
22170;22
22171;20
22172;14
22173;30
22174;15
22186;13
22189;12
22203;2
22206;12
22210;6
22214;12
22216;11
22223;6
22227;24
22229;24
22234;20
22235;36
22237;88
22238;88
22247;24
22248;8
22253;4
22255;7
22265;24
22267;24
22271;60
22273;18
22279;36
22280;30
22300;24
22302;24
22318;24
22342;25
22352;3
22355;36
22357;60
22358;12
22361;6
22366;8
22369;84
22370;26
22371;24
22375;24
22376;12
22377;48
22378;8
22379;12
22381;48
22382;3
22383;12
22388;10
22390;24
22394;6
22401;1
22402;36
22403;1
22408;2
22412;70
22422;46
22423;25
22427;37
22437;9
22441;3
22442;24
22446;2
22450;20
22455;6
22456;80
23277;6
24067;70
24907;20
25506;200
26717;24
26928;200
28718;4
28719;27
28721;1
28722;25
28724;6
28726;9
28727;1
28728;2
28729;4
28731;6
28733;1
28734;4
28737;4
28739;1
28741;25
28743;4
28745;1
28746;1
28747;1
28749;8
28754;1
28762;1
28763;28
28764;4
28767;36
28770;2
28774;4
28776;36
28777;1
28778;1
28779;4
28780;1
28781;1
28783;1
28784;1
28785;3
28786;1
28787;1
28790;1
28791;80
28793;4
28795;24
28801;35
28803;24
28806;10
28810;24
28812;24
28813;24
28814;24
28815;24
28816;24
28817;24
28818;24
28820;24
28821;24
28822;24
28824;24
28825;24
28826;24
28827;24
28830;30
28831;24
28832;24
28833;24
28836;24
28837;24
28839;24
28841;24
28842;24
28843;24
28844;24
28845;24
28848;24
28849;24
28850;24
28851;24
28852;24
28853;24
28854;48
28855;24
28856;24
28857;24
28858;24
28859;24
28862;24
28863;60
28865;70
28873;24
28874;24
28875;24
28876;24
28877;24
28878;5
28880;24
28881;24
28882;100
28883;24
28890;5
28891;5
28893;10
28894;20
28897;80
28900;35
28901;35
28905;3
28919;3
28921;1
28923;10
28924;2
28925;2
28926;1
28929;36
28930;3
28931;5
28932;50
28948;72
28978;72
28979;10
28984;60
28986;24
28987;10
28988;10
28989;25
28992;4
28995;40
28998;21
29000;5
29007;1
29009;20
29010;20
29011;35
29012;90
29013;5
29014;90
29015;35
29016;1
29034;24
29038;60
29053;23
29058;37
29064;38
29078;10
29079;80
29080;40
29088;50
29097;30
29106;72
29108;48
29109;30
29111;72
29133;12
29137;10
29140;72
29163;20
29168;30
29170;44
29172;2
29173;40
29176;52
29177;90
29178;20
29179;32
29180;1
29183;1
29187;55
29196;70
29198;24
29201;24
29205;5
29206;3
29207;1
29243;10
29245;15
29246;25
29247;10
29248;7
29331;42
29335;4
29344;130
29369;1
29384;2
29435;30
29456;40
29476;12
29526;48
29527;24
29545;5
29551;40
29553;10
29559;1
29563;1
29566;50
29567;20
29597;1
29599;30
29600;50
29633;90
29634;20
29635;12
29643;36
29655;61
29677;96
29678;96
29679;72
29680;72
29752;30
29796;48
29802;36
29803;36
29804;60
29805;30
29807;48
29808;30
29811;1
29813;2
29814;30
29815;5
29819;1
29828;15
29830;15
29832;50
29846;30
29857;80
29859;20
29861;30
29866;70
29867;70
29870;40
29875;70
29880;1
29881;2
29882;2
29883;20
29898;14
29900;12
29901;18
29902;54
29903;14
29904;14
29905;32
29906;14
29907;14
29908;15
29909;13
29910;12
29912;14
29913;32
29914;12
29915;12
29916;32
29917;1
29918;14
29919;12
29920;80
29921;60
29922;40
29923;24
29924;56
29925;14
29926;32
29927;80
29929;32
29930;80
29931;9
29933;30
29934;28
29935;15
29936;28
29937;26
29940;59
29941;48
29943;1
29947;59
29948;59
29949;35
29950;47
29951;59
29952;59
29953;59
29954;59
29955;60
29956;60
29957;60
29964;76
29968;1
29970;52
29974;21
29978;76
29980;52
29982;40
29983;10
29986;10
29987;52
29991;14
29992;35
29993;30
29994;52
29995;40
29998;60
29999;20
30002;2
30003;2
30004;2
30008;5
30009;30
30014;20
30016;10
30030;18000
30036;80
30038;70
30039;50
30042;24
30044;80
30045;36
30061;30
30068;80
30073;79
30083;80
30085;54
30086;14
30097;36
30117;1
30121;1
30122;75
30123;75
30124;75
30125;75
30126;1
30131;1
30151;160
30164;18
30177;24
30180;12
30182;30
30184;5
30186;24
30188;24
30189;24
30192;12
30193;12
30199;12
30200;60
30201;24
30206;12
30207;12
30208;12
30209;36
30210;12
30211;12
30212;12
30214;24
30215;12
30216;24
30217;12
30219;24
30220;48
30221;48
30222;12
30223;24
30225;12
30227;24
30228;12
30229;12
30230;12
30231;48
30232;48
30233;12
30234;24
30235;36
30236;24
30237;12
30238;12
30239;12
30240;12
30241;12
30242;12
30243;12
30244;24
30245;24
30246;24
30247;24
30248;24
30249;24
30250;24
30251;24
30252;24
30253;24
30254;48
30255;12
30256;24
30257;24
30258;12
30259;24
30260;12
30261;12
30263;12
30264;48
30265;24
30266;24
30267;12
30268;24
30270;12
30273;24
30274;12
30275;40
30276;24
30277;12
30278;24
30283;12
30284;12
30285;12
30287;36
30288;36
30289;12
30291;12
30295;12
30296;12
30297;12
30298;12
30299;12
30300;1
30301;36
30303;24
30305;12
30310;12
30312;84
30313;80
30314;80
30315;24
30316;80
30317;30
30321;10
30323;48
30324;70
30325;10
30326;10
30327;10
30330;30
30331;72
30334;39
30336;80
30338;12
30339;30
30340;12
30341;70
30342;12
30344;12
30349;40
30350;35
30351;35
30355;35
30357;35
30359;23
30361;28
30370;40
30371;15
30383;16
30389;40
30391;35
30511;10
30545;10
30546;10
30547;16
30564;50
30575;50
30586;1
30594;50
30598;35
30600;25
30601;84
30606;20
30608;50
30616;12
30624;6
30632;40
30634;4
30637;30
30638;10
30639;60
30640;24
30649;24
30650;24
30651;24
30652;24
30653;24
30654;12
30655;12
30656;24
30657;24
30658;24
30659;72
30661;12
30662;12
30663;12
30664;12
30665;12
30666;24
30668;36
30669;36
30670;24
30671;24
30672;24
30673;48
30674;24
30676;48
30677;24
30679;12
30680;12
30681;24
30682;24
30683;24
30684;24
30686;72
30687;24
30688;36
30689;24
30690;24
30691;12
30692;24
30693;36
30694;12
30695;12
30696;24
30697;36
30698;24
30699;48
30700;24
30701;24
30702;24
30703;48
30704;48
30706;48
30707;36
30709;48
30711;12
30712;24
30715;24
30716;24
30718;24
30719;24
30720;24
30722;24
30723;24
30724;12
30725;12
30727;12
30728;24
30730;24
30731;48
30733;24
30734;48
30735;24
30736;48
30737;24
30738;24
30739;12
30740;12
30741;12
30742;12
30743;12
30744;12
30745;12
30746;24
30747;2
30795;15
30797;15
30798;10
30799;10
30800;10
30811;41
30814;42
30816;76
30821;1
30823;25
30826;10
30827;20
30828;15
30829;1
30830;2
30832;3
30850;60
30851;28
30852;60
30853;60
30855;30
30856;10
30859;36
30860;1
30870;24
30873;9
30875;36
30892;50
30967;40
30992;50
30994;10
30996;80
31001;10
31005;36
31011;80
31041;72
31044;60
31063;12
31136;12
31138;80
31140;25
31141;12
31142;25
31143;70
31144;40
31145;40
31146;32
31147;40
31148;20
31149;48
31151;20
31154;24
31156;40
31157;40
31158;80
31160;80
31161;60
31163;20
31164;60
31165;24
31166;60
31167;10
31169;40
31170;40
31173;50
31174;45
31175;40
31177;65
31183;24
31185;36
31187;50
31188;30
31191;20
31194;40
31195;46
31196;40
31199;50
31201;47
31202;30
31205;28
31212;65
31213;72
31214;72
31215;65
31218;30
31220;65
31222;40
31228;40
31230;40
31231;20
31232;20
31234;40
31235;45
31237;25
31238;40
31239;80
31246;46
31247;40
31248;25
31249;20
31250;20
31251;72
31252;20
31253;55
31254;40
31255;72
31256;40
31257;65
31258;65
31259;65
31260;20
31261;40
31262;50
31263;18
31264;50
31265;50
31266;20
31267;46
31293;96
31315;48
31319;72
31328;72
31333;12
31336;12
31337;12
31340;12
31387;208
31389;80
31391;86
31392;12
31393;1
31408;10
31412;5
31454;30
31456;30
31458;30
31459;30
31460;30
31461;30
31462;30
31463;30
31464;30
31465;30
31466;30
31467;30
31469;30
31470;30
31471;30
31472;30
31473;30
31474;30
31475;30
31476;30
31477;30
31478;30
31510;1
31527;12
31658;20
31659;20
31660;20
31661;29
31662;29
31663;29
31664;29
31665;29
31666;29
31750;72
31752;72
31753;60
31755;50
31756;40
31757;40
31758;50
31759;40
31760;50
31761;40
31763;50
31861;50
31862;40
31863;50
31864;16
31865;16
31866;60
31867;50
31868;16
31869;50
31870;60
31871;16
31873;16
31886;12
31888;12
31890;12
31891;12
31892;12
31893;12
31894;12
31895;12
31896;24
31897;12
31898;12
31899;20
31900;20
31901;15
31902;15
31903;15
31904;15
31905;12
31906;12
31907;12
31908;12
31909;12
31910;12
31911;18
31912;12
31913;18
31914;12
31915;15
31916;15
31917;12
31918;15
31919;18
31920;15
31921;15
31922;12
31923;12
31924;12
31925;12
31926;18
31927;18
31928;12
31929;12
31930;18
31931;18
31932;18
31933;18
31935;18
31937;18
31938;18
31939;18
31941;12
31942;24
31943;18
31944;18
31945;18
31946;8
31947;8
31948;8
31949;6
31950;6
31951;6
31952;8
31953;8
31954;8
31955;6
31956;6
31957;6
31958;6
31959;6
31960;6
31961;6
31962;12
31963;12
31964;12
31965;20
31966;15
31967;20
31968;10
31969;15
31970;20
31971;15
31980;24
31981;24
31983;48
31985;36
31986;32
31987;72
31988;48
31989;12
31990;12
31991;36
32005;1
32014;1
32020;1
32021;13
32023;30
32024;48
32025;48
32026;40
32027;40
32028;40
32029;25
32030;25
32032;60
32034;50
32035;40
32036;50
32038;20
32040;25
32041;20
32043;100
32044;1
32048;16
32049;60
32050;50
32100;108
32102;10
32103;64
32104;8
32105;24
32106;48
32107;80
32109;48
32110;10
32111;12
32112;48
32113;18
32114;36
32115;24
32116;18
32117;96
32118;96
32119;72
32120;12
32121;96
32122;96
32123;10
32124;10
32125;10
32126;24
32127;8
32128;8
32129;10
32130;10
32131;12
32132;24
32133;24
32134;60
32135;24
32136;24
32137;18
32138;120
32139;224
32140;20
32141;20
32148;1
32209;1
32213;1
32214;1
32215;1
2519;1
2525;7
2528;84
2530;29
2535;6
2552;2
2554;2
2557;11
2559;22
2564;33
2577;13
2592;11
2599;4
2603;18
2686;2
2689;23
2695;3
2700;30
2711;184
2719;18
2730;6
2734;51
2762;23
2810;26
4030;8
4031;1
4047;21
4057;26
4064;59
4079;16
4081;7
4102;75
4104;31
4105;7
4106;7
4113;1
4136;131
4138;8
4247;19
4283;2
4298;2
4443;14
6301;20
6304;7
6328;32
6330;20
6333;1
6334;16
6336;218
6337;26
6340;23
6344;29
6351;15
6361;11
6362;8
6368;21
6370;44
6373;32
6381;1
6382;3
6395;2
6404;15
6406;30
6417;43
6418;35
6432;16
6435;37
6436;2
6437;37
6440;42
9943;66
10300;119
10381;320
10508;384
10533;672
10678;432
10692;384
10704;300
10876;576
10887;150
10899;240
10905;1400
10951;384
10958;864
11213;14
11290;102
11497;180
11644;672
12635;9
13344;180
13352;540
13360;180
13363;12
13364;14
13431;480
13434;1392
13558;800
13560;480
13561;480
13563;420
13567;108
13568;81
13569;91
13570;2400
13571;800
13624;10100
13627;720
15052;168
16500;450
16516;492
16834;480
17259;60
17704;72
17706;96
17708;240
17746;36
17748;48
17756;2400
17789;48
17793;50
17819;11
18080;1520
18189;565
18195;384
18196;512
18198;512
18199;496
18200;528
18201;186
18202;180
18203;26
18204;180
18205;130
18206;240
18207;185
18208;187
18209;130
18210;4800
18686;85
18690;97
18705;141
18706;150
18711;97
18713;67
18715;94
18718;6
18723;288
18725;130
18728;148
18730;220
18733;180
18741;102
18742;43
19069;4
19364;400
19365;1250
19368;4100
19371;450
19374;252
19375;168
19377;200
19378;350
19379;264
19380;216
19395;96
19402;84
19653;12
19654;48
19912;240
19990;96
20002;7400
20009;84
20013;480
20014;360
20017;300
20018;288
20019;180
20020;280
20021;84
20022;112
20023;960
20024;1320
20026;1680
20027;2160
20032;1000
20034;1200
20036;1500
20038;8400
20039;2880
20040;120
20041;240
20044;800
20045;800
20050;720
20051;720
20052;1400
20053;400
20054;1400
20055;1400
20057;6800
20058;84
20059;36
20069;560
20158;1400
20161;14
20185;10
20251;48
20268;48
20272;5
20275;48
21003;88
22387;960
22727;228
22728;228
22747;56
22748;56
22749;56
22751;1152
22753;1152
22754;1056
22755;1056
22757;576
22758;384
22759;576
22760;576
22761;1200
22763;720
22764;1080
22765;1440
22858;3
23812;24
23815;560
23817;5
23818;15
23819;15
23823;516
23825;20
24398;240
24399;66
24425;415
24427;406
24428;339
24429;280
24430;670
24432;152
24434;25
24435;240
24438;30
24439;10
24441;516
24442;306
24446;78
24475;7
24476;34
24479;816
24483;659
24484;193
24485;198
24486;33
24491;80
24497;34
24498;2
24500;82
24501;62
24503;240
24504;11
24505;240
24508;480
24509;46
24511;580
24513;204
24516;64
24517;1200
24519;39
24520;252
24521;254
24522;320
24523;692
24524;23
24525;832
24527;288
24528;288
24530;810
24531;320
24533;288
24535;1120
24536;1248
24537;1096
24620;128
24621;126
24622;153
24623;128
24624;128
24625;128
24626;128
24627;128
24966;220
24967;331
24969;60
24971;979
24973;96
24974;445
24975;832
24977;174
24978;426
24999;24
25015;9
25017;1044
25034;792
25035;288
25036;288
25038;720
25039;720
25048;2
25055;480
25056;120
25057;480
25058;480
25059;480
25060;480
25061;480
25062;360
25063;5
25064;480
25065;480
25067;6
25068;240
25069;600
25070;12
25071;120
25072;240
25073;480
25076;9
25078;4
25150;2
25158;3
25788;41
25793;5
25796;3
25799;1
25882;1250
25919;30
25922;4
25923;105
25924;18
25927;6
25928;6
25930;320
25932;22
25936;600
25940;578
25941;259
25978;7
25989;52
25991;23
25994;39
25998;22
25999;144
26001;36
26009;4
26010;63
26015;41
26016;39
26017;58
26026;165
26028;200
26029;36
26035;1
26036;4
26037;5
26047;12
26050;48
26051;1
26053;9
26054;116
26055;7
26056;21
26057;20
26058;219
26059;11
26064;3
26065;72
26066;14
26067;237
26068;20
26071;33
26072;1
26073;3
26076;2
26082;24
26087;3
26089;4
26092;8
26094;6
26099;4
26102;6
26105;14
26108;74
26112;47
26114;3
26115;28
26117;11
26121;34
26133;20
26138;11
26142;3
26146;6
26150;2
26151;256
26154;4
26157;6
26170;29
26176;18
26177;16
26180;10
26189;7
26197;13
26200;13
26202;6
26205;1
26214;5
26219;51
26224;48
26233;13
26240;5
26245;1
26246;2
26247;4
26248;4
26249;3
26250;4
26251;1
26253;3
26255;3
26256;1
26257;2
26258;2
26326;6
26337;49
26377;2
26379;2
26380;5
26382;42
26461;188
26464;720
26465;620
26466;620
26467;2400
26468;1200
26469;470
26470;390
26471;400
26472;470
26473;460
26474;470
26475;460
26476;460
26477;480
26478;470
26479;460
26480;220
26481;380
26482;400
26483;400
26484;380
26485;380
26486;380
26487;200
26488;240
26489;376
26490;390
26491;400
26492;380
26493;400
26494;230
26495;460
26496;480
26497;180
26498;220
26499;470
26500;470
26501;470
26502;480
26503;1200
26505;100
26506;230
26507;220
26509;220
26510;219
26512;110
26513;110
26514;230
26515;470
26516;460
26517;470
26518;480
26519;4600
26668;7
26675;1
26679;3
26713;1
26771;1
26772;3
26773;42
26775;23
26780;41
26882;48
26883;19
26968;210
26977;139
26978;40
26981;210
26982;170
26984;210
26985;210
26986;210
26989;210
26990;210
26991;210
26992;210
26993;210
26994;210
26995;210
26997;210
26998;210
27000;210
27002;210
27003;210
27006;210
27007;528
27010;528
27012;528
27016;528
27018;528
27020;280
27025;170
27026;1050
27033;96
27036;91
27037;9
27038;11
27071;131
27076;60
27091;16
27092;144
27093;4
27094;197
27095;26
27096;72
27097;36
27099;72
27100;58
27270;240
27273;360
27290;22
27298;33
27299;8
27300;14
27303;4
27304;12
27305;8
27309;15
27450;576
27453;384
27454;240
27535;82
27538;16
27539;81
27541;43
27543;2
27549;149
27553;8
27555;48
27557;48
27562;192
27564;8
27566;48
27571;11
27583;11
27585;6
27590;3
27591;5
27601;55
27612;1
27615;1
27619;1
27626;70
27632;3
27633;72
27634;20
27638;72
27641;2
27645;33
27647;48
27658;34
27666;48
27668;144
27675;7
27680;5
27682;4
27685;3
27688;7
27690;9
27692;1
27698;1
27701;5
27703;16
27709;10
27710;4
27722;48
27725;48
27727;96
27729;48
27736;1
27737;4
27740;48
27744;9
27746;1
27751;2
27755;72
27756;72
27768;72
27772;48
27774;36
27775;6
27776;21
27778;77
27782;72
27785;72
27786;77
27790;24
27792;24
27800;24
28036;4
28391;72
28409;48
28411;36
28413;144
28427;528
28685;2160
28906;688
28979;1
28982;5
28984;120
28985;60
28986;48
28987;10
29076;369
29093;99
29324;2398
29526;24
29529;16
31729;2160
31730;120
31731;160
31732;120
31733;150